,Open,High,Low,Close,Adj Close,Volume
2022-01-03 09:30:00-05:00,92.87000274658203,93.16999816894531,92.86000061035156,92.91619873046875,92.91619873046875,212970.0
2022-01-03 09:31:00-05:00,92.91999816894531,92.9800033569336,92.91999816894531,92.97000122070312,92.97000122070312,22795.0
2022-01-03 09:32:00-05:00,92.91999816894531,92.94999694824219,92.91000366210938,92.94499969482422,92.94499969482422,32700.0
2022-01-03 09:33:00-05:00,92.94499969482422,93.0,92.91000366210938,92.9800033569336,92.9800033569336,66786.0
2022-01-03 09:34:00-05:00,93.0,93.0199966430664,92.98999786376953,93.01000213623047,93.01000213623047,6821.0
2022-01-03 09:35:00-05:00,93.0,93.04000091552734,92.99500274658203,93.0,93.0,23479.0
2022-01-03 09:36:00-05:00,93.0,93.01000213623047,92.91000366210938,92.91999816894531,92.91999816894531,64748.0
2022-01-03 09:37:00-05:00,92.91500091552734,92.91999816894531,92.91000366210938,92.91000366210938,92.91000366210938,15520.0
2022-01-03 09:38:00-05:00,92.90499877929688,92.93000030517578,92.87000274658203,92.91999816894531,92.91999816894531,21704.0
2022-01-03 09:39:00-05:00,92.91999816894531,92.94999694824219,92.9000015258789,92.94999694824219,92.94999694824219,13525.0
2022-01-03 09:40:00-05:00,92.93499755859375,92.94000244140625,92.9000015258789,92.93000030517578,92.93000030517578,7097.0
2022-01-03 09:41:00-05:00,92.93000030517578,92.95999908447266,92.93000030517578,92.94000244140625,92.94000244140625,5364.0
2022-01-03 09:42:00-05:00,92.95500183105469,92.95999908447266,92.93000030517578,92.94000244140625,92.94000244140625,3234.0
2022-01-03 09:43:00-05:00,92.93000030517578,92.9800033569336,92.91999816894531,92.97000122070312,92.97000122070312,8848.0
2022-01-03 09:44:00-05:00,92.95999908447266,92.9800033569336,92.95999908447266,92.9749984741211,92.9749984741211,5289.0
2022-01-03 09:45:00-05:00,92.9749984741211,92.9749984741211,92.9000015258789,92.93000030517578,92.93000030517578,26710.0
2022-01-03 09:46:00-05:00,92.91999816894531,92.91999816894531,92.87999725341797,92.9000015258789,92.9000015258789,30021.0
2022-01-03 09:47:00-05:00,92.91000366210938,92.91000366210938,92.86000061035156,92.87000274658203,92.87000274658203,16988.0
2022-01-03 09:48:00-05:00,92.87999725341797,92.88999938964844,92.86000061035156,92.87999725341797,92.87999725341797,22647.0
2022-01-03 09:49:00-05:00,92.87000274658203,92.87000274658203,92.8499984741211,92.86000061035156,92.86000061035156,51376.0
2022-01-03 09:50:00-05:00,92.86499786376953,92.9000015258789,92.86000061035156,92.88999938964844,92.88999938964844,30818.0
2022-01-03 09:51:00-05:00,92.87000274658203,92.91000366210938,92.86000061035156,92.90499877929688,92.90499877929688,10028.0
2022-01-03 09:52:00-05:00,92.9000015258789,92.91000366210938,92.87000274658203,92.87000274658203,92.87000274658203,9596.0
2022-01-03 09:53:00-05:00,92.875,92.88999938964844,92.86499786376953,92.87000274658203,92.87000274658203,4505.0
2022-01-03 09:54:00-05:00,92.87999725341797,92.9000015258789,92.87529754638672,92.88999938964844,92.88999938964844,6912.0
2022-01-03 09:55:00-05:00,92.8949966430664,92.8949966430664,92.87999725341797,92.88999938964844,92.88999938964844,8899.0
2022-01-03 09:56:00-05:00,92.88999938964844,92.88999938964844,92.86000061035156,92.88500213623047,92.88500213623047,26125.0
2022-01-03 09:57:00-05:00,92.87999725341797,92.88500213623047,92.86000061035156,92.86000061035156,92.86000061035156,33083.0
2022-01-03 09:58:00-05:00,92.8499984741211,92.87000274658203,92.8499984741211,92.87000274658203,92.87000274658203,36232.0
2022-01-03 09:59:00-05:00,92.87999725341797,92.87999725341797,92.86000061035156,92.86499786376953,92.86499786376953,7373.0
2022-01-03 10:00:00-05:00,92.86499786376953,92.87000274658203,92.8550033569336,92.86000061035156,92.86000061035156,30934.0
2022-01-03 10:01:00-05:00,92.86499786376953,92.88999938964844,92.8550033569336,92.87000274658203,92.87000274658203,18505.0
2022-01-03 10:02:00-05:00,92.87000274658203,92.87000274658203,92.83000183105469,92.83499908447266,92.83499908447266,14819.0
2022-01-03 10:03:00-05:00,92.83499908447266,92.83499908447266,92.80000305175781,92.80020141601562,92.80020141601562,26032.0
2022-01-03 10:04:00-05:00,92.80000305175781,92.81999969482422,92.80000305175781,92.81999969482422,92.81999969482422,16531.0
2022-01-03 10:05:00-05:00,92.82499694824219,92.82499694824219,92.80000305175781,92.80000305175781,92.80000305175781,24154.0
2022-01-03 10:06:00-05:00,92.80000305175781,92.80000305175781,92.73500061035156,92.75,92.75,27066.0
2022-01-03 10:07:00-05:00,92.73999786376953,92.80000305175781,92.72000122070312,92.80000305175781,92.80000305175781,25280.0
2022-01-03 10:08:00-05:00,92.79000091552734,92.80500030517578,92.77999877929688,92.79000091552734,92.79000091552734,8633.0
2022-01-03 10:09:00-05:00,92.77999877929688,92.81999969482422,92.7699966430664,92.81999969482422,92.81999969482422,12805.0
2022-01-03 10:10:00-05:00,92.82499694824219,92.82499694824219,92.79499816894531,92.80999755859375,92.80999755859375,6167.0
2022-01-03 10:11:00-05:00,92.80500030517578,92.8499984741211,92.80500030517578,92.84500122070312,92.84500122070312,13881.0
2022-01-03 10:12:00-05:00,92.83999633789062,92.8499984741211,92.80999755859375,92.82499694824219,92.82499694824219,6045.0
2022-01-03 10:13:00-05:00,92.82499694824219,92.83000183105469,92.81500244140625,92.83000183105469,92.83000183105469,8967.0
2022-01-03 10:14:00-05:00,92.81999969482422,92.82499694824219,92.79000091552734,92.80000305175781,92.80000305175781,27496.0
2022-01-03 10:15:00-05:00,92.80500030517578,92.86499786376953,92.80500030517578,92.83000183105469,92.83000183105469,15353.0
2022-01-03 10:16:00-05:00,92.83000183105469,92.83999633789062,92.81999969482422,92.83999633789062,92.83999633789062,6560.0
2022-01-03 10:17:00-05:00,92.83999633789062,92.87000274658203,92.83999633789062,92.87000274658203,92.87000274658203,8467.0
2022-01-03 10:18:00-05:00,92.87000274658203,92.91000366210938,92.87000274658203,92.90499877929688,92.90499877929688,13612.0
2022-01-03 10:19:00-05:00,92.91000366210938,92.94999694824219,92.90499877929688,92.93000030517578,92.93000030517578,29521.0
2022-01-03 10:20:00-05:00,92.93000030517578,92.98999786376953,92.93000030517578,92.98500061035156,92.98500061035156,22807.0
2022-01-03 10:21:00-05:00,92.98500061035156,92.98999786376953,92.93000030517578,92.95500183105469,92.95500183105469,14459.0
2022-01-03 10:22:00-05:00,92.95500183105469,92.95500183105469,92.93000030517578,92.93499755859375,92.93499755859375,3910.0
2022-01-03 10:23:00-05:00,92.93000030517578,92.94999694824219,92.93000030517578,92.94000244140625,92.94000244140625,4409.0
2022-01-03 10:24:00-05:00,92.94000244140625,92.94000244140625,92.88999938964844,92.88999938964844,92.88999938964844,6362.0
2022-01-03 10:25:00-05:00,92.88999938964844,92.93000030517578,92.87000274658203,92.91999816894531,92.91999816894531,13486.0
2022-01-03 10:26:00-05:00,92.91999816894531,92.95500183105469,92.9000015258789,92.91500091552734,92.91500091552734,15937.0
2022-01-03 10:27:00-05:00,92.91500091552734,92.94000244140625,92.9000015258789,92.91999816894531,92.91999816894531,7424.0
2022-01-03 10:28:00-05:00,92.94000244140625,92.9800033569336,92.94000244140625,92.95999908447266,92.95999908447266,8786.0
2022-01-03 10:29:00-05:00,92.95999908447266,93.01000213623047,92.95999908447266,93.01000213623047,93.01000213623047,13267.0
2022-01-03 10:30:00-05:00,93.01000213623047,93.01000213623047,92.9749984741211,92.9749984741211,92.9749984741211,10925.0
2022-01-03 10:31:00-05:00,92.9800033569336,92.9800033569336,92.95999908447266,92.9800033569336,92.9800033569336,4182.0
2022-01-03 10:32:00-05:00,92.98500061035156,92.98999786376953,92.95999908447266,92.97000122070312,92.97000122070312,5992.0
2022-01-03 10:33:00-05:00,92.97000122070312,92.97000122070312,92.91000366210938,92.92500305175781,92.92500305175781,12962.0
2022-01-03 10:34:00-05:00,92.93000030517578,92.95999908447266,92.93000030517578,92.93910217285156,92.93910217285156,10688.0
2022-01-03 10:35:00-05:00,92.94000244140625,92.94629669189453,92.86000061035156,92.88999938964844,92.88999938964844,22018.0
2022-01-03 10:36:00-05:00,92.88999938964844,92.88999938964844,92.8499984741211,92.8499984741211,92.8499984741211,10939.0
2022-01-03 10:37:00-05:00,92.84500122070312,92.86000061035156,92.83999633789062,92.83999633789062,92.83999633789062,16576.0
2022-01-03 10:38:00-05:00,92.8499984741211,92.87999725341797,92.8499984741211,92.87000274658203,92.87000274658203,8721.0
2022-01-03 10:39:00-05:00,92.88999938964844,92.88999938964844,92.87000274658203,92.87999725341797,92.87999725341797,8201.0
2022-01-03 10:40:00-05:00,92.86499786376953,92.91500091552734,92.86499786376953,92.88500213623047,92.88500213623047,17604.0
2022-01-03 10:41:00-05:00,92.87000274658203,92.91999816894531,92.86000061035156,92.9000015258789,92.9000015258789,17668.0
2022-01-03 10:42:00-05:00,92.9000015258789,92.91999816894531,92.87999725341797,92.88999938964844,92.88999938964844,8692.0
2022-01-03 10:43:00-05:00,92.87999725341797,92.93000030517578,92.87000274658203,92.91999816894531,92.91999816894531,15410.0
2022-01-03 10:44:00-05:00,92.91999816894531,92.91999816894531,92.90499877929688,92.91500091552734,92.91500091552734,9204.0
2022-01-03 10:45:00-05:00,92.91500091552734,92.93000030517578,92.87999725341797,92.88999938964844,92.88999938964844,29988.0
2022-01-03 10:46:00-05:00,92.88500213623047,92.93000030517578,92.88500213623047,92.92500305175781,92.92500305175781,7210.0
2022-01-03 10:47:00-05:00,92.91999816894531,92.95999908447266,92.9000015258789,92.94499969482422,92.94499969482422,23420.0
2022-01-03 10:48:00-05:00,92.94499969482422,92.95999908447266,92.94000244140625,92.94999694824219,92.94999694824219,14754.0
2022-01-03 10:49:00-05:00,92.94000244140625,92.94000244140625,92.87999725341797,92.8949966430664,92.8949966430664,17440.0
2022-01-03 10:50:00-05:00,92.8949966430664,92.91999816894531,92.87000274658203,92.87000274658203,92.87000274658203,19346.0
2022-01-03 10:51:00-05:00,92.875,92.87999725341797,92.86499786376953,92.87000274658203,92.87000274658203,6762.0
2022-01-03 10:52:00-05:00,92.87999725341797,92.9000015258789,92.86499786376953,92.8949966430664,92.8949966430664,8850.0
2022-01-03 10:53:00-05:00,92.8949966430664,92.8949966430664,92.87000274658203,92.87999725341797,92.87999725341797,3952.0
2022-01-03 10:54:00-05:00,92.87999725341797,92.87999725341797,92.8499984741211,92.8499984741211,92.8499984741211,12426.0
2022-01-03 10:56:00-05:00,92.86399841308594,92.86399841308594,92.86399841308594,92.86399841308594,92.86399841308594,16270.0
2022-01-03 10:57:00-05:00,92.87999725341797,92.9000015258789,92.87999725341797,92.88999938964844,92.88999938964844,3637.0
2022-01-03 10:58:00-05:00,92.8949966430664,92.9000015258789,92.88999938964844,92.9000015258789,92.9000015258789,5410.0
2022-01-03 10:59:00-05:00,92.9000015258789,92.9000015258789,92.88500213623047,92.9000015258789,92.9000015258789,7231.0
2022-01-03 11:00:00-05:00,92.8949966430664,92.9000015258789,92.875,92.88999938964844,92.88999938964844,7002.0
2022-01-03 11:01:00-05:00,92.87999725341797,92.94999694824219,92.87999725341797,92.94999694824219,92.94999694824219,9394.0
2022-01-03 11:02:00-05:00,92.94499969482422,92.94999694824219,92.94000244140625,92.94999694824219,92.94999694824219,5556.0
2022-01-03 11:03:00-05:00,92.95999908447266,92.9800033569336,92.94999694824219,92.9800033569336,92.9800033569336,6682.0
2022-01-03 11:04:00-05:00,92.9800033569336,92.9800033569336,92.97000122070312,92.97940063476562,92.97940063476562,4183.0
2022-01-03 11:05:00-05:00,92.97000122070312,92.97000122070312,92.9000015258789,92.9000015258789,92.9000015258789,6829.0
2022-01-03 11:06:00-05:00,92.9000015258789,92.90499877929688,92.875,92.875,92.875,8147.0
2022-01-03 11:07:00-05:00,92.875,92.9000015258789,92.875,92.88500213623047,92.88500213623047,3736.0
2022-01-03 11:08:00-05:00,92.87999725341797,92.88999938964844,92.87000274658203,92.88500213623047,92.88500213623047,5972.0
2022-01-03 11:09:00-05:00,92.88999938964844,92.91999816894531,92.88500213623047,92.91000366210938,92.91000366210938,10632.0
2022-01-03 11:10:00-05:00,92.91000366210938,92.91999816894531,92.9000015258789,92.91000366210938,92.91000366210938,8395.0
2022-01-03 11:11:00-05:00,92.91000366210938,92.94000244140625,92.9000015258789,92.91000366210938,92.91000366210938,14193.0
2022-01-03 11:12:00-05:00,92.91000366210938,92.94000244140625,92.91000366210938,92.93000030517578,92.93000030517578,3941.0
2022-01-03 11:13:00-05:00,92.91999816894531,92.93499755859375,92.91999816894531,92.93000030517578,92.93000030517578,12695.0
2022-01-03 11:14:00-05:00,92.93000030517578,92.94999694824219,92.91999816894531,92.9478988647461,92.9478988647461,4527.0
2022-01-03 11:15:00-05:00,92.94499969482422,92.97000122070312,92.93000030517578,92.95999908447266,92.95999908447266,10027.0
2022-01-03 11:16:00-05:00,92.97000122070312,92.9749984741211,92.83999633789062,92.86949920654297,92.86949920654297,50818.0
2022-01-03 11:17:00-05:00,92.87000274658203,92.87000274658203,92.81999969482422,92.83999633789062,92.83999633789062,25115.0
2022-01-03 11:18:00-05:00,92.8499984741211,92.87000274658203,92.83000183105469,92.87000274658203,92.87000274658203,16224.0
2022-01-03 11:19:00-05:00,92.87000274658203,92.87999725341797,92.83999633789062,92.8499984741211,92.8499984741211,11823.0
2022-01-03 11:20:00-05:00,92.8499984741211,92.86000061035156,92.81999969482422,92.83000183105469,92.83000183105469,18655.0
2022-01-03 11:21:00-05:00,92.83000183105469,92.8499984741211,92.83000183105469,92.83499908447266,92.83499908447266,6398.0
2022-01-03 11:22:00-05:00,92.83000183105469,92.87999725341797,92.83000183105469,92.8499984741211,92.8499984741211,18355.0
2022-01-03 11:23:00-05:00,92.8550033569336,92.87000274658203,92.83999633789062,92.87000274658203,92.87000274658203,12496.0
2022-01-03 11:24:00-05:00,92.86499786376953,92.87000274658203,92.86499786376953,92.86499786376953,92.86499786376953,2353.0
2022-01-03 11:25:00-05:00,92.86000061035156,92.86000061035156,92.83999633789062,92.86000061035156,92.86000061035156,23616.0
2022-01-03 11:26:00-05:00,92.8499984741211,92.86000061035156,92.82499694824219,92.82499694824219,92.82499694824219,8352.0
2022-01-03 11:27:00-05:00,92.82499694824219,92.83999633789062,92.82499694824219,92.83000183105469,92.83000183105469,3184.0
2022-01-03 11:28:00-05:00,92.81999969482422,92.8499984741211,92.80999755859375,92.83000183105469,92.83000183105469,24739.0
2022-01-03 11:29:00-05:00,92.83000183105469,92.83999633789062,92.80000305175781,92.80500030517578,92.80500030517578,12718.0
2022-01-03 11:30:00-05:00,92.80000305175781,92.80500030517578,92.7699966430664,92.77999877929688,92.77999877929688,23204.0
2022-01-03 11:31:00-05:00,92.77999877929688,92.78500366210938,92.7699966430664,92.77999877929688,92.77999877929688,5124.0
2022-01-03 11:32:00-05:00,92.7699966430664,92.77999877929688,92.76000213623047,92.77999877929688,92.77999877929688,10667.0
2022-01-03 11:33:00-05:00,92.7699966430664,92.7750015258789,92.76000213623047,92.76000213623047,92.76000213623047,7137.0
2022-01-03 11:34:00-05:00,92.76499938964844,92.79499816894531,92.75499725341797,92.79000091552734,92.79000091552734,10413.0
2022-01-03 11:35:00-05:00,92.80000305175781,92.80000305175781,92.7699966430664,92.7699966430664,92.7699966430664,7781.0
2022-01-03 11:36:00-05:00,92.7750015258789,92.79000091552734,92.7750015258789,92.79000091552734,92.79000091552734,4446.0
2022-01-03 11:37:00-05:00,92.77999877929688,92.81999969482422,92.77999877929688,92.81999969482422,92.81999969482422,6627.0
2022-01-03 11:38:00-05:00,92.80999755859375,92.81500244140625,92.80999755859375,92.80999755859375,92.80999755859375,2636.0
2022-01-03 11:39:00-05:00,92.81999969482422,92.83000183105469,92.81999969482422,92.83000183105469,92.83000183105469,5326.0
2022-01-03 11:40:00-05:00,92.83499908447266,92.83999633789062,92.83000183105469,92.83499908447266,92.83499908447266,4453.0
2022-01-03 11:41:00-05:00,92.83999633789062,92.8550033569336,92.83499908447266,92.8550033569336,92.8550033569336,5538.0
2022-01-03 11:42:00-05:00,92.8550033569336,92.87999725341797,92.8550033569336,92.86000061035156,92.86000061035156,9532.0
2022-01-03 11:43:00-05:00,92.86499786376953,92.86499786376953,92.83000183105469,92.83000183105469,92.83000183105469,12666.0
2022-01-03 11:44:00-05:00,92.8499984741211,92.88999938964844,92.8499984741211,92.87999725341797,92.87999725341797,4087.0
2022-01-03 11:45:00-05:00,92.88999938964844,92.9000015258789,92.88999938964844,92.89019775390625,92.89019775390625,1288.0
2022-01-03 11:46:00-05:00,92.9000015258789,92.93000030517578,92.8949966430664,92.91999816894531,92.91999816894531,5723.0
2022-01-03 11:47:00-05:00,92.91999816894531,92.93000030517578,92.91999816894531,92.91999816894531,92.91999816894531,4278.0
2022-01-03 11:48:00-05:00,92.91000366210938,92.91500091552734,92.9000015258789,92.90499877929688,92.90499877929688,7048.0
2022-01-03 11:49:00-05:00,92.90499877929688,92.92500305175781,92.9000015258789,92.91999816894531,92.91999816894531,21247.0
2022-01-03 11:50:00-05:00,92.91999816894531,92.94000244140625,92.91000366210938,92.94000244140625,92.94000244140625,7602.0
2022-01-03 11:51:00-05:00,92.94000244140625,92.94999694824219,92.93000030517578,92.94499969482422,92.94499969482422,13790.0
2022-01-03 11:52:00-05:00,92.94999694824219,92.95999908447266,92.94999694824219,92.95500183105469,92.95500183105469,2008.0
2022-01-03 11:53:00-05:00,92.94999694824219,92.94999694824219,92.91999816894531,92.94000244140625,92.94000244140625,3527.0
2022-01-03 11:54:00-05:00,92.94000244140625,92.95999908447266,92.94000244140625,92.94499969482422,92.94499969482422,3886.0
2022-01-03 11:55:00-05:00,92.94999694824219,92.95999908447266,92.94999694824219,92.94999694824219,92.94999694824219,3221.0
2022-01-03 11:56:00-05:00,92.95500183105469,92.95500183105469,92.94000244140625,92.94499969482422,92.94499969482422,4417.0
2022-01-03 11:57:00-05:00,92.94000244140625,92.95999908447266,92.93000030517578,92.94999694824219,92.94999694824219,19207.0
2022-01-03 11:58:00-05:00,92.97000122070312,92.9800033569336,92.95999908447266,92.9800033569336,92.9800033569336,4644.0
2022-01-03 11:59:00-05:00,92.9800033569336,92.9800033569336,92.92040252685547,92.9800033569336,92.9800033569336,18705.0
2022-01-03 12:00:00-05:00,92.95999908447266,92.95999908447266,92.91999816894531,92.94999694824219,92.94999694824219,24162.0
2022-01-03 12:01:00-05:00,92.95500183105469,92.9800033569336,92.94000244140625,92.9800033569336,92.9800033569336,3713.0
2022-01-03 12:02:00-05:00,92.9800033569336,92.98500061035156,92.97000122070312,92.9800033569336,92.9800033569336,1658.0
2022-01-03 12:03:00-05:00,92.9800033569336,92.99500274658203,92.9800033569336,92.98999786376953,92.98999786376953,5289.0
2022-01-03 12:04:00-05:00,92.98500061035156,92.98999786376953,92.97000122070312,92.9800033569336,92.9800033569336,8432.0
2022-01-03 12:05:00-05:00,92.9749984741211,92.9749984741211,92.94999694824219,92.95999908447266,92.95999908447266,6378.0
2022-01-03 12:06:00-05:00,92.95999908447266,92.98999786376953,92.95999908447266,92.9800033569336,92.9800033569336,8952.0
2022-01-03 12:07:00-05:00,92.98500061035156,93.05000305175781,92.98500061035156,93.04499816894531,93.04499816894531,16847.0
2022-01-03 12:08:00-05:00,93.04499816894531,93.05000305175781,93.0250015258789,93.0250015258789,93.0250015258789,6747.0
2022-01-03 12:09:00-05:00,93.02999877929688,93.04000091552734,93.0199966430664,93.0199966430664,93.0199966430664,5403.0
2022-01-03 12:10:00-05:00,93.01499938964844,93.02999877929688,93.0,93.0250015258789,93.0250015258789,2224.0
2022-01-03 12:11:00-05:00,93.02999877929688,93.02999877929688,93.0199966430664,93.02999877929688,93.02999877929688,1038.0
2022-01-03 12:12:00-05:00,93.04000091552734,93.04000091552734,93.0199966430664,93.0199966430664,93.0199966430664,438.0
2022-01-03 12:13:00-05:00,93.02999877929688,93.02999877929688,93.0199966430664,93.0250015258789,93.0250015258789,7362.0
2022-01-03 12:14:00-05:00,93.0250015258789,93.04000091552734,93.0199966430664,93.04000091552734,93.04000091552734,6721.0
2022-01-03 12:15:00-05:00,93.02999877929688,93.02999877929688,92.99500274658203,92.99500274658203,92.99500274658203,7216.0
2022-01-03 12:16:00-05:00,92.98999786376953,92.98999786376953,92.95999908447266,92.95999908447266,92.95999908447266,8791.0
2022-01-03 12:17:00-05:00,92.97000122070312,92.9800033569336,92.95999908447266,92.9800033569336,92.9800033569336,2245.0
2022-01-03 12:18:00-05:00,92.9800033569336,92.98999786376953,92.97000122070312,92.9800033569336,92.9800033569336,5779.0
2022-01-03 12:19:00-05:00,92.9800033569336,92.9800033569336,92.9800033569336,92.9800033569336,92.9800033569336,316.0
2022-01-03 12:20:00-05:00,92.98500061035156,93.01499938964844,92.98500061035156,93.01499938964844,93.01499938964844,4710.0
2022-01-03 12:21:00-05:00,93.01499938964844,93.04000091552734,93.01499938964844,93.02999877929688,93.02999877929688,3958.0
2022-01-03 12:22:00-05:00,93.03500366210938,93.04000091552734,93.02999877929688,93.03500366210938,93.03500366210938,1223.0
2022-01-03 12:23:00-05:00,93.03500366210938,93.04000091552734,93.0199966430664,93.04000091552734,93.04000091552734,4374.0
2022-01-03 12:24:00-05:00,93.02999877929688,93.04000091552734,93.0199966430664,93.0199966430664,93.0199966430664,4724.0
2022-01-03 12:25:00-05:00,93.01000213623047,93.01000213623047,93.0,93.01000213623047,93.01000213623047,6427.0
2022-01-03 12:26:00-05:00,93.01000213623047,93.01000213623047,93.01000213623047,93.01000213623047,93.01000213623047,602.0
2022-01-03 12:27:00-05:00,93.01000213623047,93.01000213623047,93.0,93.00070190429688,93.00070190429688,1401.0
2022-01-03 12:28:00-05:00,93.00499725341797,93.00499725341797,93.0,93.0,93.0,1357.0
2022-01-03 12:29:00-05:00,93.00499725341797,93.01000213623047,93.0,93.00499725341797,93.00499725341797,3127.0
2022-01-03 12:30:00-05:00,93.00499725341797,93.01000213623047,92.98999786376953,93.0,93.0,6943.0
2022-01-03 12:31:00-05:00,92.99500274658203,93.00499725341797,92.99500274658203,93.00499725341797,93.00499725341797,3586.0
2022-01-03 12:32:00-05:00,93.0,93.0199966430664,92.98999786376953,93.0199966430664,93.0199966430664,9001.0
2022-01-03 12:33:00-05:00,93.01499938964844,93.01499938964844,93.01499938964844,93.01499938964844,93.01499938964844,209.0
2022-01-03 12:34:00-05:00,93.01000213623047,93.0199966430664,92.98500061035156,92.98500061035156,92.98500061035156,11373.0
2022-01-03 12:35:00-05:00,92.98999786376953,92.98999786376953,92.96499633789062,92.97000122070312,92.97000122070312,12087.0
2022-01-03 12:36:00-05:00,92.97000122070312,92.98500061035156,92.95999908447266,92.98500061035156,92.98500061035156,2893.0
2022-01-03 12:37:00-05:00,92.98999786376953,93.01000213623047,92.98500061035156,93.00499725341797,93.00499725341797,15511.0
2022-01-03 12:38:00-05:00,93.0,93.00499725341797,92.9800033569336,93.0,93.0,6102.0
2022-01-03 12:39:00-05:00,93.01000213623047,93.01499938964844,93.01000213623047,93.01000213623047,93.01000213623047,1366.0
2022-01-03 12:40:00-05:00,93.0199966430664,93.0199966430664,93.0199966430664,93.0199966430664,93.0199966430664,3017.0
2022-01-03 12:41:00-05:00,93.01000213623047,93.01000213623047,92.9800033569336,92.98999786376953,92.98999786376953,5143.0
2022-01-03 12:42:00-05:00,92.98500061035156,92.98999786376953,92.9800033569336,92.98999786376953,92.98999786376953,3395.0
2022-01-03 12:43:00-05:00,92.9800033569336,93.0,92.9749984741211,93.0,93.0,3997.0
2022-01-03 12:44:00-05:00,93.0,93.01000213623047,92.98999786376953,93.01000213623047,93.01000213623047,2809.0
2022-01-03 12:45:00-05:00,93.01000213623047,93.0199966430664,93.01000213623047,93.0199966430664,93.0199966430664,2200.0
2022-01-03 12:46:00-05:00,93.01000213623047,93.01000213623047,93.0,93.0,93.0,7270.0
2022-01-03 12:47:00-05:00,92.99500274658203,92.99500274658203,92.9800033569336,92.98500061035156,92.98500061035156,5735.0
2022-01-03 12:48:00-05:00,92.98500061035156,92.98999786376953,92.97000122070312,92.98999786376953,92.98999786376953,6004.0
2022-01-03 12:49:00-05:00,92.9800033569336,92.98999786376953,92.9749984741211,92.9749984741211,92.9749984741211,3897.0
2022-01-03 12:50:00-05:00,92.9749984741211,93.01000213623047,92.9749984741211,93.01000213623047,93.01000213623047,4898.0
2022-01-03 12:51:00-05:00,93.00499725341797,93.01499938964844,93.0,93.01499938964844,93.01499938964844,7442.0
2022-01-03 12:52:00-05:00,93.01000213623047,93.01000213623047,92.98999786376953,92.98999786376953,92.98999786376953,4726.0
2022-01-03 12:53:00-05:00,92.98999786376953,93.0,92.9800033569336,92.9800033569336,92.9800033569336,8820.0
2022-01-03 12:54:00-05:00,92.9749984741211,92.9749984741211,92.97000122070312,92.9749984741211,92.9749984741211,2730.0
2022-01-03 12:55:00-05:00,92.9800033569336,93.0,92.9800033569336,93.0,93.0,3917.0
2022-01-03 12:56:00-05:00,93.0,93.0,92.98999786376953,92.98999786376953,92.98999786376953,7026.0
2022-01-03 12:57:00-05:00,92.98500061035156,92.98500061035156,92.9749984741211,92.9749984741211,92.9749984741211,4601.0
2022-01-03 12:58:00-05:00,92.97000122070312,92.98999786376953,92.97000122070312,92.9800033569336,92.9800033569336,4486.0
2022-01-03 12:59:00-05:00,92.9800033569336,92.98999786376953,92.97000122070312,92.98999786376953,92.98999786376953,2203.0
2022-01-03 13:00:00-05:00,92.98999786376953,93.0,92.98500061035156,92.98999786376953,92.98999786376953,3011.0
2022-01-03 13:01:00-05:00,92.9800033569336,92.98999786376953,92.95999908447266,92.96499633789062,92.96499633789062,6551.0
2022-01-03 13:02:00-05:00,92.95999908447266,92.98999786376953,92.95999908447266,92.98500061035156,92.98500061035156,4437.0
2022-01-03 13:03:00-05:00,92.98500061035156,93.00499725341797,92.98500061035156,92.98999786376953,92.98999786376953,6140.0
2022-01-03 13:04:00-05:00,93.00499725341797,93.01000213623047,93.0,93.01000213623047,93.01000213623047,2040.0
2022-01-03 13:05:00-05:00,93.01000213623047,93.0199966430664,93.01000213623047,93.01000213623047,93.01000213623047,6233.0
2022-01-03 13:06:00-05:00,93.01000213623047,93.0199966430664,93.01000213623047,93.0199966430664,93.0199966430664,1248.0
2022-01-03 13:07:00-05:00,93.01499938964844,93.01499938964844,93.0,93.01000213623047,93.01000213623047,2264.0
2022-01-03 13:08:00-05:00,93.00499725341797,93.00499725341797,93.0,93.00499725341797,93.00499725341797,2906.0
2022-01-03 13:09:00-05:00,93.00499725341797,93.01000213623047,92.99500274658203,92.99500274658203,92.99500274658203,6217.0
2022-01-03 13:10:00-05:00,92.98999786376953,92.99500274658203,92.98999786376953,92.99500274658203,92.99500274658203,3397.0
2022-01-03 13:11:00-05:00,92.99500274658203,93.0,92.98999786376953,93.0,93.0,4625.0
2022-01-03 13:12:00-05:00,92.99500274658203,93.0,92.98999786376953,92.98999786376953,92.98999786376953,3438.0
2022-01-03 13:13:00-05:00,92.99500274658203,93.0250015258789,92.99500274658203,93.0250015258789,93.0250015258789,6675.0
2022-01-03 13:14:00-05:00,93.02999877929688,93.04000091552734,93.02999877929688,93.03500366210938,93.03500366210938,4711.0
2022-01-03 13:15:00-05:00,93.03500366210938,93.0999984741211,93.02999877929688,93.08999633789062,93.08999633789062,15531.0
2022-01-03 13:16:00-05:00,93.08000183105469,93.08000183105469,93.04000091552734,93.04000091552734,93.04000091552734,5279.0
2022-01-03 13:17:00-05:00,93.02999877929688,93.05000305175781,93.02999877929688,93.05000305175781,93.05000305175781,1243.0
2022-01-03 13:18:00-05:00,93.04499816894531,93.04499816894531,93.04450225830078,93.04450225830078,93.04450225830078,478.0
2022-01-03 13:19:00-05:00,93.04000091552734,93.05000305175781,93.04000091552734,93.04000091552734,93.04000091552734,1292.0
2022-01-03 13:20:00-05:00,93.05000305175781,93.05500030517578,93.02999877929688,93.02999877929688,93.02999877929688,9831.0
2022-01-03 13:21:00-05:00,93.01499938964844,93.0250015258789,93.0,93.0,93.0,3165.0
2022-01-03 13:22:00-05:00,93.0,93.01000213623047,92.99500274658203,93.01000213623047,93.01000213623047,14725.0
2022-01-03 13:23:00-05:00,93.01000213623047,93.03500366210938,93.01000213623047,93.03500366210938,93.03500366210938,740.0
2022-01-03 13:24:00-05:00,93.02999877929688,93.04000091552734,93.02999877929688,93.02999877929688,93.02999877929688,3384.0
2022-01-03 13:25:00-05:00,93.0250015258789,93.02999877929688,93.0,93.00499725341797,93.00499725341797,4824.0
2022-01-03 13:26:00-05:00,93.0,93.01000213623047,92.98999786376953,93.01000213623047,93.01000213623047,15433.0
2022-01-03 13:27:00-05:00,93.0199966430664,93.0199966430664,93.01499938964844,93.0199966430664,93.0199966430664,1115.0
2022-01-03 13:28:00-05:00,93.02999877929688,93.02999877929688,93.01219940185547,93.01219940185547,93.01219940185547,2038.0
2022-01-03 13:29:00-05:00,93.0199966430664,93.0199966430664,93.0,93.01000213623047,93.01000213623047,7369.0
2022-01-03 13:30:00-05:00,93.0199966430664,93.0199966430664,93.0,93.0,93.0,2406.0
2022-01-03 13:31:00-05:00,93.0,93.0,92.95999908447266,92.96499633789062,92.96499633789062,8942.0
2022-01-03 13:32:00-05:00,92.96499633789062,92.98999786376953,92.96499633789062,92.98500061035156,92.98500061035156,6716.0
2022-01-03 13:33:00-05:00,92.98999786376953,93.01000213623047,92.9800033569336,93.01000213623047,93.01000213623047,3686.0
2022-01-03 13:34:00-05:00,93.01000213623047,93.0199966430664,93.0,93.0199966430664,93.0199966430664,4235.0
2022-01-03 13:35:00-05:00,93.01170349121094,93.02249908447266,92.98999786376953,92.98999786376953,92.98999786376953,11700.0
2022-01-03 13:36:00-05:00,92.99500274658203,93.00499725341797,92.98999786376953,93.00499725341797,93.00499725341797,1790.0
2022-01-03 13:37:00-05:00,93.0,93.01000213623047,92.99829864501953,92.99829864501953,92.99829864501953,3002.0
2022-01-03 13:38:00-05:00,92.99299621582031,93.01000213623047,92.99299621582031,93.01000213623047,93.01000213623047,1166.0
2022-01-03 13:39:00-05:00,93.0,93.0,92.98999786376953,93.0,93.0,7152.0
2022-01-03 13:40:00-05:00,93.0,93.0,92.9800033569336,92.98500061035156,92.98500061035156,3964.0
2022-01-03 13:41:00-05:00,92.98500061035156,93.0,92.9800033569336,93.0,93.0,3284.0
2022-01-03 13:42:00-05:00,93.01000213623047,93.0199966430664,92.99500274658203,92.99500274658203,92.99500274658203,5333.0
2022-01-03 13:43:00-05:00,93.0,93.0,92.98999786376953,92.98999786376953,92.98999786376953,2077.0
2022-01-03 13:44:00-05:00,93.0,93.0,92.98999786376953,93.0,93.0,8906.0
2022-01-03 13:45:00-05:00,92.98999786376953,93.0,92.9800033569336,92.9800033569336,92.9800033569336,5373.0
2022-01-03 13:46:00-05:00,92.9800033569336,93.0,92.9800033569336,92.98999786376953,92.98999786376953,7588.0
2022-01-03 13:47:00-05:00,92.9800033569336,92.9800033569336,92.96499633789062,92.9800033569336,92.9800033569336,7818.0
2022-01-03 13:48:00-05:00,92.98999786376953,93.04000091552734,92.98999786376953,93.0,93.0,16769.0
2022-01-03 13:49:00-05:00,92.98999786376953,93.0199966430664,92.98500061035156,93.01499938964844,93.01499938964844,7809.0
2022-01-03 13:50:00-05:00,93.01000213623047,93.01000213623047,93.0,93.0,93.0,4273.0
2022-01-03 13:51:00-05:00,93.01000213623047,93.01499938964844,93.0,93.01000213623047,93.01000213623047,3856.0
2022-01-03 13:52:00-05:00,93.01000213623047,93.01000213623047,92.97000122070312,92.9749984741211,92.9749984741211,6834.0
2022-01-03 13:53:00-05:00,92.9749984741211,92.9800033569336,92.97000122070312,92.9800033569336,92.9800033569336,6476.0
2022-01-03 13:54:00-05:00,92.98500061035156,93.0,92.97000122070312,93.0,93.0,11469.0
2022-01-03 13:55:00-05:00,93.0,93.01499938964844,93.0,93.01499938964844,93.01499938964844,1866.0
2022-01-03 13:56:00-05:00,93.0199966430664,93.0199966430664,93.0199966430664,93.0199966430664,93.0199966430664,1191.0
2022-01-03 13:57:00-05:00,93.0199966430664,93.0199966430664,93.0,93.0,93.0,3177.0
2022-01-03 13:58:00-05:00,93.0,93.0,92.9800033569336,93.0,93.0,12698.0
2022-01-03 13:59:00-05:00,92.99500274658203,93.01000213623047,92.99500274658203,93.00499725341797,93.00499725341797,2111.0
2022-01-03 14:00:00-05:00,93.00499725341797,93.0199966430664,93.00499725341797,93.0199966430664,93.0199966430664,3531.0
2022-01-03 14:01:00-05:00,93.0199966430664,93.0199966430664,93.01000213623047,93.0199966430664,93.0199966430664,3303.0
2022-01-03 14:02:00-05:00,93.0199966430664,93.0199966430664,93.0,93.0,93.0,7806.0
2022-01-03 14:03:00-05:00,93.0,93.0,92.9800033569336,92.98999786376953,92.98999786376953,10557.0
2022-01-03 14:04:00-05:00,92.98999786376953,93.0,92.9800033569336,92.98999786376953,92.98999786376953,13644.0
2022-01-03 14:05:00-05:00,92.98999786376953,93.0,92.9800033569336,92.9800033569336,92.9800033569336,5092.0
2022-01-03 14:06:00-05:00,92.99359893798828,93.01000213623047,92.99359893798828,93.01000213623047,93.01000213623047,4126.0
2022-01-03 14:07:00-05:00,93.01000213623047,93.0199966430664,93.01000213623047,93.01000213623047,93.01000213623047,3466.0
2022-01-03 14:08:00-05:00,93.0199966430664,93.02999877929688,93.0199966430664,93.02999877929688,93.02999877929688,1470.0
2022-01-03 14:09:00-05:00,93.04000091552734,93.04000091552734,93.04000091552734,93.04000091552734,93.04000091552734,202.0
2022-01-03 14:10:00-05:00,93.03279876708984,93.04000091552734,93.0199966430664,93.04000091552734,93.04000091552734,9684.0
2022-01-03 14:11:00-05:00,93.04000091552734,93.04000091552734,93.02999877929688,93.03500366210938,93.03500366210938,1572.0
2022-01-03 14:12:00-05:00,93.04000091552734,93.04000091552734,93.0199966430664,93.02999877929688,93.02999877929688,2497.0
2022-01-03 14:13:00-05:00,93.0199966430664,93.0199966430664,93.01000213623047,93.0199966430664,93.0199966430664,2589.0
2022-01-03 14:14:00-05:00,93.01000213623047,93.01000213623047,92.98999786376953,92.98999786376953,92.98999786376953,10870.0
2022-01-03 14:15:00-05:00,92.98999786376953,92.99500274658203,92.98999786376953,92.99500274658203,92.99500274658203,7646.0
2022-01-03 14:16:00-05:00,92.99500274658203,92.99500274658203,92.99500274658203,92.99500274658203,92.99500274658203,1021.0
2022-01-03 14:17:00-05:00,92.99500274658203,93.01000213623047,92.98999786376953,93.0,93.0,11340.0
2022-01-03 14:18:00-05:00,92.98999786376953,92.99510192871094,92.9800033569336,92.9800033569336,92.9800033569336,10656.0
2022-01-03 14:19:00-05:00,92.9749984741211,92.98999786376953,92.96499633789062,92.98999786376953,92.98999786376953,18546.0
2022-01-03 14:20:00-05:00,92.98500061035156,93.0,92.98500061035156,92.98999786376953,92.98999786376953,2168.0
2022-01-03 14:21:00-05:00,92.98999786376953,93.0,92.98999786376953,92.99500274658203,92.99500274658203,3045.0
2022-01-03 14:22:00-05:00,93.0,93.0,92.97000122070312,92.97000122070312,92.97000122070312,4290.0
2022-01-03 14:23:00-05:00,92.97000122070312,92.99500274658203,92.97000122070312,92.9800033569336,92.9800033569336,2298.0
2022-01-03 14:24:00-05:00,92.9800033569336,92.98999786376953,92.97000122070312,92.9800033569336,92.9800033569336,2706.0
2022-01-03 14:25:00-05:00,92.9800033569336,92.98999786376953,92.97000122070312,92.98500061035156,92.98500061035156,5661.0
2022-01-03 14:26:00-05:00,92.98500061035156,92.98999786376953,92.97000122070312,92.98999786376953,92.98999786376953,2775.0
2022-01-03 14:27:00-05:00,92.98500061035156,93.0,92.9800033569336,92.98500061035156,92.98500061035156,9176.0
2022-01-03 14:28:00-05:00,92.9800033569336,92.98500061035156,92.9749984741211,92.98500061035156,92.98500061035156,2892.0
2022-01-03 14:29:00-05:00,92.98999786376953,93.0,92.9800033569336,93.0,93.0,4468.0
2022-01-03 14:30:00-05:00,92.9800033569336,93.0,92.9800033569336,92.98999786376953,92.98999786376953,13270.0
2022-01-03 14:31:00-05:00,92.99500274658203,93.0,92.98500061035156,92.99500274658203,92.99500274658203,9052.0
2022-01-03 14:32:00-05:00,93.0,93.0,92.98999786376953,93.0,93.0,14457.0
2022-01-03 14:33:00-05:00,93.0,93.0,92.98999786376953,92.98999786376953,92.98999786376953,4637.0
2022-01-03 14:34:00-05:00,92.98500061035156,92.98500061035156,92.95999908447266,92.9800033569336,92.9800033569336,11339.0
2022-01-03 14:35:00-05:00,92.9800033569336,92.9800033569336,92.97000122070312,92.97000122070312,92.97000122070312,1818.0
2022-01-03 14:36:00-05:00,92.9749984741211,92.98999786376953,92.9749984741211,92.98999786376953,92.98999786376953,3491.0
2022-01-03 14:37:00-05:00,92.98500061035156,93.0,92.98500061035156,93.0,93.0,1562.0
2022-01-03 14:38:00-05:00,92.98999786376953,93.0,92.9800033569336,92.99500274658203,92.99500274658203,7070.0
2022-01-03 14:39:00-05:00,93.0,93.01499938964844,92.98999786376953,93.01499938964844,93.01499938964844,28148.0
2022-01-03 14:40:00-05:00,93.0199966430664,93.02999877929688,93.00499725341797,93.02999877929688,93.02999877929688,7461.0
2022-01-03 14:41:00-05:00,93.02999877929688,93.04000091552734,93.02999877929688,93.04000091552734,93.04000091552734,935.0
2022-01-03 14:42:00-05:00,93.02999877929688,93.03500366210938,93.0250015258789,93.0250015258789,93.0250015258789,2858.0
2022-01-03 14:43:00-05:00,93.02999877929688,93.02999877929688,93.0250015258789,93.02999877929688,93.02999877929688,3711.0
2022-01-03 14:44:00-05:00,93.02999877929688,93.04000091552734,93.0199966430664,93.04000091552734,93.04000091552734,7295.0
2022-01-03 14:45:00-05:00,93.04000091552734,93.05000305175781,93.02999877929688,93.05000305175781,93.05000305175781,8677.0
2022-01-03 14:46:00-05:00,93.04000091552734,93.04000091552734,93.02999877929688,93.02999877929688,93.02999877929688,3624.0
2022-01-03 14:48:00-05:00,93.02999877929688,93.02999877929688,93.01000213623047,93.01499938964844,93.01499938964844,2682.0
2022-01-03 14:49:00-05:00,93.01499938964844,93.0199966430664,93.0,93.01000213623047,93.01000213623047,6809.0
2022-01-03 14:50:00-05:00,93.01000213623047,93.01000213623047,93.01000213623047,93.01000213623047,93.01000213623047,2110.0
2022-01-03 14:51:00-05:00,93.01000213623047,93.01000213623047,92.99500274658203,92.99500274658203,92.99500274658203,7324.0
2022-01-03 14:52:00-05:00,93.0,93.0,92.9800033569336,92.99500274658203,92.99500274658203,11113.0
2022-01-03 14:53:00-05:00,92.98999786376953,92.98999786376953,92.9800033569336,92.9800033569336,92.9800033569336,2667.0
2022-01-03 14:54:00-05:00,92.98500061035156,92.98999786376953,92.98500061035156,92.98500061035156,92.98500061035156,1577.0
2022-01-03 14:55:00-05:00,92.98999786376953,93.01000213623047,92.98999786376953,93.01000213623047,93.01000213623047,4244.0
2022-01-03 14:56:00-05:00,93.0,93.0,92.99500274658203,92.99500274658203,92.99500274658203,2557.0
2022-01-03 14:57:00-05:00,93.0,93.0,92.99500274658203,92.99500274658203,92.99500274658203,2120.0
2022-01-03 14:58:00-05:00,92.9916000366211,93.0,92.98999786376953,92.99500274658203,92.99500274658203,2069.0
2022-01-03 14:59:00-05:00,92.99500274658203,93.01000213623047,92.98999786376953,92.98999786376953,92.98999786376953,7627.0
2022-01-03 15:00:00-05:00,92.98500061035156,92.98999786376953,92.9800033569336,92.98999786376953,92.98999786376953,11769.0
2022-01-03 15:01:00-05:00,92.99500274658203,92.9990005493164,92.96900177001953,92.9749984741211,92.9749984741211,18046.0
2022-01-03 15:02:00-05:00,92.9749984741211,92.9749984741211,92.97000122070312,92.9749984741211,92.9749984741211,1115.0
2022-01-03 15:03:00-05:00,92.9749984741211,92.9749984741211,92.95500183105469,92.95500183105469,92.95500183105469,25266.0
2022-01-03 15:04:00-05:00,92.95179748535156,92.95500183105469,92.91000366210938,92.91000366210938,92.91000366210938,12479.0
2022-01-03 15:05:00-05:00,92.91500091552734,92.93000030517578,92.87999725341797,92.88500213623047,92.88500213623047,14597.0
2022-01-03 15:06:00-05:00,92.88500213623047,92.88999938964844,92.87999725341797,92.88500213623047,92.88500213623047,6561.0
2022-01-03 15:07:00-05:00,92.88500213623047,92.91000366210938,92.88500213623047,92.8949966430664,92.8949966430664,6906.0
2022-01-03 15:08:00-05:00,92.9000015258789,92.9000015258789,92.8949966430664,92.9000015258789,92.9000015258789,2096.0
2022-01-03 15:09:00-05:00,92.8949966430664,92.92500305175781,92.8949966430664,92.92500305175781,92.92500305175781,12628.0
2022-01-03 15:10:00-05:00,92.91999816894531,92.94000244140625,92.91999816894531,92.93499755859375,92.93499755859375,6978.0
2022-01-03 15:11:00-05:00,92.93499755859375,92.93499755859375,92.93000030517578,92.93499755859375,92.93499755859375,4815.0
2022-01-03 15:12:00-05:00,92.93000030517578,92.94999694824219,92.88500213623047,92.88500213623047,92.88500213623047,12403.0
2022-01-03 15:13:00-05:00,92.88500213623047,92.88500213623047,92.86000061035156,92.87999725341797,92.87999725341797,12858.0
2022-01-03 15:14:00-05:00,92.87999725341797,92.88999938964844,92.87999725341797,92.88249969482422,92.88249969482422,2379.0
2022-01-03 15:15:00-05:00,92.88899993896484,92.88999938964844,92.86000061035156,92.86000061035156,92.86000061035156,16551.0
2022-01-03 15:16:00-05:00,92.87000274658203,92.87000274658203,92.86000061035156,92.87000274658203,92.87000274658203,4290.0
2022-01-03 15:17:00-05:00,92.86080169677734,92.87000274658203,92.86000061035156,92.86000061035156,92.86000061035156,8973.0
2022-01-03 15:18:00-05:00,92.86000061035156,92.87000274658203,92.86000061035156,92.86499786376953,92.86499786376953,3669.0
2022-01-03 15:19:00-05:00,92.86000061035156,92.88999938964844,92.83999633789062,92.88999938964844,92.88999938964844,27443.0
2022-01-03 15:20:00-05:00,92.88999938964844,92.88999938964844,92.88999938964844,92.88999938964844,92.88999938964844,300.0
2022-01-03 15:21:00-05:00,92.88999938964844,92.91000366210938,92.88999938964844,92.90499877929688,92.90499877929688,16222.0
2022-01-03 15:22:00-05:00,92.90499877929688,92.91999816894531,92.9000015258789,92.91500091552734,92.91500091552734,10871.0
2022-01-03 15:23:00-05:00,92.91000366210938,92.91500091552734,92.87999725341797,92.87999725341797,92.87999725341797,8680.0
2022-01-03 15:24:00-05:00,92.875,92.88999938964844,92.875,92.88500213623047,92.88500213623047,7774.0
2022-01-03 15:25:00-05:00,92.88500213623047,92.88899993896484,92.87999725341797,92.87999725341797,92.87999725341797,9094.0
2022-01-03 15:26:00-05:00,92.88500213623047,92.88500213623047,92.8499984741211,92.86499786376953,92.86499786376953,16186.0
2022-01-03 15:27:00-05:00,92.87000274658203,92.88999938964844,92.87000274658203,92.88500213623047,92.88500213623047,5058.0
2022-01-03 15:28:00-05:00,92.88500213623047,92.88999938964844,92.87999725341797,92.88999938964844,92.88999938964844,8653.0
2022-01-03 15:29:00-05:00,92.88500213623047,92.88999938964844,92.87999725341797,92.87999725341797,92.87999725341797,6232.0
2022-01-03 15:30:00-05:00,92.88500213623047,92.88999938964844,92.83999633789062,92.84500122070312,92.84500122070312,14648.0
2022-01-03 15:31:00-05:00,92.84500122070312,92.86000061035156,92.84500122070312,92.8550033569336,92.8550033569336,15044.0
2022-01-03 15:32:00-05:00,92.8550033569336,92.86900329589844,92.83999633789062,92.86900329589844,92.86900329589844,20581.0
2022-01-03 15:33:00-05:00,92.86499786376953,92.87999725341797,92.86499786376953,92.875,92.875,5564.0
2022-01-03 15:34:00-05:00,92.87999725341797,92.87999725341797,92.875,92.875,92.875,7290.0
2022-01-03 15:35:00-05:00,92.875,92.91000366210938,92.875,92.90499877929688,92.90499877929688,9812.0
2022-01-03 15:36:00-05:00,92.90499877929688,92.91999816894531,92.88999938964844,92.91000366210938,92.91000366210938,155616.0
2022-01-03 15:37:00-05:00,92.91000366210938,92.91500091552734,92.88500213623047,92.88999938964844,92.88999938964844,21434.0
2022-01-03 15:38:00-05:00,92.87999725341797,92.88999938964844,92.87000274658203,92.88500213623047,92.88500213623047,11735.0
2022-01-03 15:39:00-05:00,92.88500213623047,92.88999938964844,92.88500213623047,92.88899993896484,92.88899993896484,3132.0
2022-01-03 15:40:00-05:00,92.88500213623047,92.88999938964844,92.87899780273438,92.87999725341797,92.87999725341797,11156.0
2022-01-03 15:41:00-05:00,92.88999938964844,92.88999938964844,92.87999725341797,92.88500213623047,92.88500213623047,4326.0
2022-01-03 15:42:00-05:00,92.88500213623047,92.9000015258789,92.87999725341797,92.9000015258789,92.9000015258789,9320.0
2022-01-03 15:43:00-05:00,92.8949966430664,92.9000015258789,92.8832015991211,92.89900207519531,92.89900207519531,9630.0
2022-01-03 15:44:00-05:00,92.8949966430664,92.91000366210938,92.88999938964844,92.8949966430664,92.8949966430664,15609.0
2022-01-03 15:45:00-05:00,92.9000015258789,92.94999694824219,92.8949966430664,92.94999694824219,92.94999694824219,14361.0
2022-01-03 15:46:00-05:00,92.94999694824219,92.94999694824219,92.93000030517578,92.94999694824219,92.94999694824219,7835.0
2022-01-03 15:47:00-05:00,92.93000030517578,92.94029998779297,92.93000030517578,92.93499755859375,92.93499755859375,5128.0
2022-01-03 15:48:00-05:00,92.94000244140625,92.95999908447266,92.93000030517578,92.95999908447266,92.95999908447266,11983.0
2022-01-03 15:49:00-05:00,92.94999694824219,92.97000122070312,92.94000244140625,92.94999694824219,92.94999694824219,9357.0
2022-01-03 15:50:00-05:00,92.97000122070312,93.0,92.97000122070312,92.97000122070312,92.97000122070312,33153.0
2022-01-03 15:51:00-05:00,92.9749984741211,93.01000213623047,92.97000122070312,92.9990005493164,92.9990005493164,12951.0
2022-01-03 15:52:00-05:00,92.99500274658203,93.0199966430664,92.98999786376953,92.99500274658203,92.99500274658203,17262.0
2022-01-03 15:53:00-05:00,92.99500274658203,93.0,92.93499755859375,92.94000244140625,92.94000244140625,21202.0
2022-01-03 15:54:00-05:00,92.94499969482422,92.9800033569336,92.90499877929688,92.91500091552734,92.91500091552734,31854.0
2022-01-03 15:55:00-05:00,92.91000366210938,92.91999816894531,92.83999633789062,92.84500122070312,92.84500122070312,30021.0
2022-01-03 15:56:00-05:00,92.84500122070312,92.87000274658203,92.83999633789062,92.86900329589844,92.86900329589844,23276.0
2022-01-03 15:57:00-05:00,92.86499786376953,92.88999938964844,92.86499786376953,92.875,92.875,43107.0
2022-01-03 15:58:00-05:00,92.875,92.9000015258789,92.86000061035156,92.9000015258789,92.9000015258789,30108.0
2022-01-03 15:59:00-05:00,92.88999938964844,92.91000366210938,92.83999633789062,92.86000061035156,92.86000061035156,53517.0
2022-01-04 09:30:00-05:00,92.81999969482422,92.91999816894531,92.81999969482422,92.8499984741211,92.8499984741211,111709.0
2022-01-04 09:31:00-05:00,92.87000274658203,92.88999938964844,92.83999633789062,92.8499984741211,92.8499984741211,6409.0
2022-01-04 09:32:00-05:00,92.87000274658203,92.87000274658203,92.81999969482422,92.81999969482422,92.81999969482422,33518.0
2022-01-04 09:33:00-05:00,92.81999969482422,92.875,92.81999969482422,92.8499984741211,92.8499984741211,34304.0
2022-01-04 09:34:00-05:00,92.86000061035156,92.88999938964844,92.79000091552734,92.80999755859375,92.80999755859375,47538.0
2022-01-04 09:35:00-05:00,92.80000305175781,92.80999755859375,92.7699966430664,92.80000305175781,92.80000305175781,17974.0
2022-01-04 09:36:00-05:00,92.80000305175781,92.83000183105469,92.79499816894531,92.81999969482422,92.81999969482422,16849.0
2022-01-04 09:37:00-05:00,92.82499694824219,92.8550033569336,92.7699966430664,92.81999969482422,92.81999969482422,43490.0
2022-01-04 09:38:00-05:00,92.83000183105469,92.83999633789062,92.79000091552734,92.81999969482422,92.81999969482422,10237.0
2022-01-04 09:39:00-05:00,92.80999755859375,92.81999969482422,92.79000091552734,92.80000305175781,92.80000305175781,9266.0
2022-01-04 09:40:00-05:00,92.80000305175781,92.86000061035156,92.79000091552734,92.86000061035156,92.86000061035156,28102.0
2022-01-04 09:41:00-05:00,92.8499984741211,92.8949966430664,92.8499984741211,92.88999938964844,92.88999938964844,39879.0
2022-01-04 09:42:00-05:00,92.88999938964844,92.93499755859375,92.88500213623047,92.88999938964844,92.88999938964844,24983.0
2022-01-04 09:43:00-05:00,92.87999725341797,92.9000015258789,92.87740325927734,92.9000015258789,92.9000015258789,20282.0
2022-01-04 09:44:00-05:00,92.88500213623047,92.9000015258789,92.86000061035156,92.87000274658203,92.87000274658203,27905.0
2022-01-04 09:45:00-05:00,92.87999725341797,92.9000015258789,92.86000061035156,92.9000015258789,92.9000015258789,13746.0
2022-01-04 09:46:00-05:00,92.88999938964844,92.91999816894531,92.87999725341797,92.87999725341797,92.87999725341797,7962.0
2022-01-04 09:47:00-05:00,92.87999725341797,92.88500213623047,92.83999633789062,92.8499984741211,92.8499984741211,45033.0
2022-01-04 09:48:00-05:00,92.8499984741211,92.875,92.8499984741211,92.86499786376953,92.86499786376953,13276.0
2022-01-04 09:49:00-05:00,92.86000061035156,92.87999725341797,92.83999633789062,92.8499984741211,92.8499984741211,15818.0
2022-01-04 09:50:00-05:00,92.8550033569336,92.88999938964844,92.83999633789062,92.875,92.875,39514.0
2022-01-04 09:51:00-05:00,92.87000274658203,92.88999938964844,92.86000061035156,92.86000061035156,92.86000061035156,18333.0
2022-01-04 09:52:00-05:00,92.87999725341797,92.88999938964844,92.86000061035156,92.87000274658203,92.87000274658203,27929.0
2022-01-04 09:53:00-05:00,92.87000274658203,92.90499877929688,92.86000061035156,92.90499877929688,92.90499877929688,15218.0
2022-01-04 09:54:00-05:00,92.9000015258789,92.93499755859375,92.9000015258789,92.91500091552734,92.91500091552734,9598.0
2022-01-04 09:55:00-05:00,92.91999816894531,92.94999694824219,92.91999816894531,92.94999694824219,92.94999694824219,8339.0
2022-01-04 09:56:00-05:00,92.95999908447266,92.98999786376953,92.94999694824219,92.95500183105469,92.95500183105469,9773.0
2022-01-04 09:57:00-05:00,92.95500183105469,92.98999786376953,92.93000030517578,92.95500183105469,92.95500183105469,12944.0
2022-01-04 09:58:00-05:00,92.9800033569336,92.9800033569336,92.94999694824219,92.94999694824219,92.94999694824219,14410.0
2022-01-04 09:59:00-05:00,92.94999694824219,92.94999694824219,92.91999816894531,92.92500305175781,92.92500305175781,8657.0
2022-01-04 10:00:00-05:00,92.92500305175781,92.94499969482422,92.91000366210938,92.94499969482422,92.94499969482422,12961.0
2022-01-04 10:01:00-05:00,92.94499969482422,92.97000122070312,92.94499969482422,92.94499969482422,92.94499969482422,16357.0
2022-01-04 10:02:00-05:00,92.94999694824219,92.95500183105469,92.8949966430664,92.8949966430664,92.8949966430664,12046.0
2022-01-04 10:03:00-05:00,92.88999938964844,92.91000366210938,92.86000061035156,92.87999725341797,92.87999725341797,14181.0
2022-01-04 10:04:00-05:00,92.875,92.88999938964844,92.86000061035156,92.86499786376953,92.86499786376953,7920.0
2022-01-04 10:05:00-05:00,92.86000061035156,92.86000061035156,92.83000183105469,92.8499984741211,92.8499984741211,33794.0
2022-01-04 10:06:00-05:00,92.86000061035156,92.86000061035156,92.83999633789062,92.83999633789062,92.83999633789062,6413.0
2022-01-04 10:07:00-05:00,92.83000183105469,92.8499984741211,92.83000183105469,92.84500122070312,92.84500122070312,5263.0
2022-01-04 10:08:00-05:00,92.84500122070312,92.87999725341797,92.83999633789062,92.87999725341797,92.87999725341797,12619.0
2022-01-04 10:09:00-05:00,92.87999725341797,92.8949966430664,92.87999725341797,92.88999938964844,92.88999938964844,29340.0
2022-01-04 10:10:00-05:00,92.88500213623047,92.88999938964844,92.81999969482422,92.81999969482422,92.81999969482422,14713.0
2022-01-04 10:11:00-05:00,92.81999969482422,92.83499908447266,92.81500244140625,92.83000183105469,92.83000183105469,10310.0
2022-01-04 10:12:00-05:00,92.82250213623047,92.83000183105469,92.80000305175781,92.80500030517578,92.80500030517578,8516.0
2022-01-04 10:13:00-05:00,92.80000305175781,92.81999969482422,92.80000305175781,92.81999969482422,92.81999969482422,24462.0
2022-01-04 10:14:00-05:00,92.81999969482422,92.81999969482422,92.80999755859375,92.81999969482422,92.81999969482422,7462.0
2022-01-04 10:15:00-05:00,92.81500244140625,92.81500244140625,92.75499725341797,92.7699966430664,92.7699966430664,68968.0
2022-01-04 10:16:00-05:00,92.76000213623047,92.80000305175781,92.76000213623047,92.7750015258789,92.7750015258789,23387.0
2022-01-04 10:17:00-05:00,92.7750015258789,92.79000091552734,92.76000213623047,92.79000091552734,92.79000091552734,9548.0
2022-01-04 10:18:00-05:00,92.78079986572266,92.78500366210938,92.76000213623047,92.76000213623047,92.76000213623047,9984.0
2022-01-04 10:19:00-05:00,92.7750015258789,92.79000091552734,92.7699966430664,92.78119659423828,92.78119659423828,9491.0
2022-01-04 10:20:00-05:00,92.78119659423828,92.80000305175781,92.76000213623047,92.79000091552734,92.79000091552734,25071.0
2022-01-04 10:21:00-05:00,92.79000091552734,92.79000091552734,92.75,92.76000213623047,92.76000213623047,24984.0
2022-01-04 10:22:00-05:00,92.76699829101562,92.7699966430664,92.76000213623047,92.7699966430664,92.7699966430664,12898.0
2022-01-04 10:23:00-05:00,92.77999877929688,92.77999877929688,92.76000213623047,92.7699966430664,92.7699966430664,3488.0
2022-01-04 10:24:00-05:00,92.7699966430664,92.7699966430664,92.75,92.76000213623047,92.76000213623047,48104.0
2022-01-04 10:25:00-05:00,92.76000213623047,92.7699966430664,92.7300033569336,92.73999786376953,92.73999786376953,48721.0
2022-01-04 10:26:00-05:00,92.73999786376953,92.73999786376953,92.72000122070312,92.7249984741211,92.7249984741211,24653.0
2022-01-04 10:27:00-05:00,92.72000122070312,92.75,92.72000122070312,92.73999786376953,92.73999786376953,48405.0
2022-01-04 10:28:00-05:00,92.75499725341797,92.76499938964844,92.73999786376953,92.73999786376953,92.73999786376953,8644.0
2022-01-04 10:29:00-05:00,92.7300033569336,92.75,92.72000122070312,92.75,92.75,6086.0
2022-01-04 10:30:00-05:00,92.75499725341797,92.76000213623047,92.7300033569336,92.7300033569336,92.7300033569336,11605.0
2022-01-04 10:31:00-05:00,92.73999786376953,92.75,92.70999908447266,92.73999786376953,92.73999786376953,13912.0
2022-01-04 10:32:00-05:00,92.7300033569336,92.7300033569336,92.70999908447266,92.72000122070312,92.72000122070312,26473.0
2022-01-04 10:33:00-05:00,92.70999908447266,92.72000122070312,92.70500183105469,92.70999908447266,92.70999908447266,15191.0
2022-01-04 10:34:00-05:00,92.72000122070312,92.75,92.69999694824219,92.69999694824219,92.69999694824219,12848.0
2022-01-04 10:35:00-05:00,92.69999694824219,92.69999694824219,92.69000244140625,92.69499969482422,92.69499969482422,16689.0
2022-01-04 10:36:00-05:00,92.69999694824219,92.75,92.69000244140625,92.7300033569336,92.7300033569336,10812.0
2022-01-04 10:37:00-05:00,92.72000122070312,92.76000213623047,92.72000122070312,92.76000213623047,92.76000213623047,18770.0
2022-01-04 10:38:00-05:00,92.76000213623047,92.76000213623047,92.73999786376953,92.76000213623047,92.76000213623047,17836.0
2022-01-04 10:39:00-05:00,92.76000213623047,92.76000213623047,92.75,92.76000213623047,92.76000213623047,3005.0
2022-01-04 10:40:00-05:00,92.76000213623047,92.76000213623047,92.7300033569336,92.7300033569336,92.7300033569336,17149.0
2022-01-04 10:41:00-05:00,92.73500061035156,92.73500061035156,92.69999694824219,92.72000122070312,92.72000122070312,32951.0
2022-01-04 10:42:00-05:00,92.71499633789062,92.75,92.70999908447266,92.75,92.75,25424.0
2022-01-04 10:43:00-05:00,92.75,92.76000213623047,92.73999786376953,92.75,92.75,5723.0
2022-01-04 10:44:00-05:00,92.76000213623047,92.76000213623047,92.73999786376953,92.7499008178711,92.7499008178711,15764.0
2022-01-04 10:45:00-05:00,92.74500274658203,92.7750015258789,92.73999786376953,92.7750015258789,92.7750015258789,38281.0
2022-01-04 10:46:00-05:00,92.7750015258789,92.7750015258789,92.73999786376953,92.73999786376953,92.73999786376953,14874.0
2022-01-04 10:47:00-05:00,92.74500274658203,92.74500274658203,92.61000061035156,92.61000061035156,92.61000061035156,58137.0
2022-01-04 10:48:00-05:00,92.61000061035156,92.62000274658203,92.51000213623047,92.52999877929688,92.52999877929688,43817.0
2022-01-04 10:49:00-05:00,92.52999877929688,92.56999969482422,92.51000213623047,92.56500244140625,92.56500244140625,25021.0
2022-01-04 10:50:00-05:00,92.56999969482422,92.6050033569336,92.54000091552734,92.5999984741211,92.5999984741211,31138.0
2022-01-04 10:51:00-05:00,92.62000274658203,92.63999938964844,92.58999633789062,92.59500122070312,92.59500122070312,53099.0
2022-01-04 10:52:00-05:00,92.5999984741211,92.61000061035156,92.58000183105469,92.5999984741211,92.5999984741211,13028.0
2022-01-04 10:53:00-05:00,92.61000061035156,92.61000061035156,92.58999633789062,92.59500122070312,92.59500122070312,32215.0
2022-01-04 10:54:00-05:00,92.58999633789062,92.62000274658203,92.56999969482422,92.61000061035156,92.61000061035156,20033.0
2022-01-04 10:55:00-05:00,92.61000061035156,92.61499786376953,92.55999755859375,92.59940338134766,92.59940338134766,21021.0
2022-01-04 10:56:00-05:00,92.5999984741211,92.61499786376953,92.58000183105469,92.61499786376953,92.61499786376953,6486.0
2022-01-04 10:57:00-05:00,92.61499786376953,92.62999725341797,92.5999984741211,92.61000061035156,92.61000061035156,15188.0
2022-01-04 10:58:00-05:00,92.62999725341797,92.66999816894531,92.61000061035156,92.62000274658203,92.62000274658203,24779.0
2022-01-04 10:59:00-05:00,92.62000274658203,92.63999938964844,92.59500122070312,92.63999938964844,92.63999938964844,21497.0
2022-01-04 11:00:00-05:00,92.63999938964844,92.66000366210938,92.62999725341797,92.6449966430664,92.6449966430664,18579.0
2022-01-04 11:01:00-05:00,92.6449966430664,92.66999816894531,92.62999725341797,92.6500015258789,92.6500015258789,17036.0
2022-01-04 11:02:00-05:00,92.66000366210938,92.66000366210938,92.6500015258789,92.66000366210938,92.66000366210938,11438.0
2022-01-04 11:03:00-05:00,92.66500091552734,92.66500091552734,92.63999938964844,92.65499877929688,92.65499877929688,20256.0
2022-01-04 11:04:00-05:00,92.65390014648438,92.66000366210938,92.62000274658203,92.62000274658203,92.62000274658203,6653.0
2022-01-04 11:05:00-05:00,92.625,92.63999938964844,92.61000061035156,92.62000274658203,92.62000274658203,14202.0
2022-01-04 11:06:00-05:00,92.61499786376953,92.62000274658203,92.5999984741211,92.5999984741211,92.5999984741211,7039.0
2022-01-04 11:07:00-05:00,92.5999984741211,92.6050033569336,92.56999969482422,92.56999969482422,92.56999969482422,15242.0
2022-01-04 11:08:00-05:00,92.58000183105469,92.62000274658203,92.56999969482422,92.62000274658203,92.62000274658203,19466.0
2022-01-04 11:09:00-05:00,92.62000274658203,92.66000366210938,92.61000061035156,92.65499877929688,92.65499877929688,18770.0
2022-01-04 11:10:00-05:00,92.65499877929688,92.65499877929688,92.61000061035156,92.61000061035156,92.61000061035156,7577.0
2022-01-04 11:11:00-05:00,92.63349914550781,92.63999938964844,92.61000061035156,92.61990356445312,92.61990356445312,6066.0
2022-01-04 11:12:00-05:00,92.61499786376953,92.61499786376953,92.58000183105469,92.61000061035156,92.61000061035156,16149.0
2022-01-04 11:13:00-05:00,92.6050033569336,92.62000274658203,92.58000183105469,92.61499786376953,92.61499786376953,7788.0
2022-01-04 11:14:00-05:00,92.62000274658203,92.62999725341797,92.58499908447266,92.58499908447266,92.58499908447266,11798.0
2022-01-04 11:15:00-05:00,92.58499908447266,92.5999984741211,92.58000183105469,92.58999633789062,92.58999633789062,5888.0
2022-01-04 11:16:00-05:00,92.58499908447266,92.58999633789062,92.58000183105469,92.58999633789062,92.58999633789062,6866.0
2022-01-04 11:17:00-05:00,92.58000183105469,92.5999984741211,92.58000183105469,92.59500122070312,92.59500122070312,14849.0
2022-01-04 11:18:00-05:00,92.59500122070312,92.63999938964844,92.58999633789062,92.63500213623047,92.63500213623047,47815.0
2022-01-04 11:19:00-05:00,92.63500213623047,92.63999938964844,92.625,92.625,92.625,8573.0
2022-01-04 11:20:00-05:00,92.625,92.625,92.5999984741211,92.5999984741211,92.5999984741211,11173.0
2022-01-04 11:21:00-05:00,92.6050033569336,92.63999938964844,92.5999984741211,92.63500213623047,92.63500213623047,15405.0
2022-01-04 11:22:00-05:00,92.63500213623047,92.66999816894531,92.62999725341797,92.66000366210938,92.66000366210938,12412.0
2022-01-04 11:23:00-05:00,92.66999816894531,92.66999816894531,92.63999938964844,92.63999938964844,92.63999938964844,4398.0
2022-01-04 11:24:00-05:00,92.6449966430664,92.6500015258789,92.62999725341797,92.62999725341797,92.62999725341797,8681.0
2022-01-04 11:25:00-05:00,92.63500213623047,92.66000366210938,92.62000274658203,92.6500015258789,92.6500015258789,12792.0
2022-01-04 11:26:00-05:00,92.6500015258789,92.66999816894531,92.63999938964844,92.66999816894531,92.66999816894531,10725.0
2022-01-04 11:27:00-05:00,92.66000366210938,92.66999816894531,92.6500015258789,92.66999816894531,92.66999816894531,36754.0
2022-01-04 11:28:00-05:00,92.66999816894531,92.68000030517578,92.66000366210938,92.66799926757812,92.66799926757812,11767.0
2022-01-04 11:29:00-05:00,92.66999816894531,92.66999816894531,92.66000366210938,92.66500091552734,92.66500091552734,4559.0
2022-01-04 11:30:00-05:00,92.66500091552734,92.66999816894531,92.6500015258789,92.66000366210938,92.66000366210938,18646.0
2022-01-04 11:31:00-05:00,92.66500091552734,92.66999816894531,92.6500015258789,92.65499877929688,92.65499877929688,5819.0
2022-01-04 11:32:00-05:00,92.66000366210938,92.66000366210938,92.63999938964844,92.65499877929688,92.65499877929688,14493.0
2022-01-04 11:33:00-05:00,92.66000366210938,92.66500091552734,92.6500015258789,92.66000366210938,92.66000366210938,9024.0
2022-01-04 11:34:00-05:00,92.66000366210938,92.66999816894531,92.63999938964844,92.6500015258789,92.6500015258789,46645.0
2022-01-04 11:35:00-05:00,92.66000366210938,92.66999816894531,92.62999725341797,92.66000366210938,92.66000366210938,93142.0
2022-01-04 11:36:00-05:00,92.6500015258789,92.67500305175781,92.63999938964844,92.66999816894531,92.66999816894531,30415.0
2022-01-04 11:37:00-05:00,92.66000366210938,92.66500091552734,92.63999938964844,92.6500015258789,92.6500015258789,7187.0
2022-01-04 11:38:00-05:00,92.6500015258789,92.66999816894531,92.62999725341797,92.66999816894531,92.66999816894531,12314.0
2022-01-04 11:39:00-05:00,92.66500091552734,92.66500091552734,92.6449966430664,92.6449966430664,92.6449966430664,3012.0
2022-01-04 11:40:00-05:00,92.6449966430664,92.6449966430664,92.62999725341797,92.63999938964844,92.63999938964844,20601.0
2022-01-04 11:41:00-05:00,92.6449966430664,92.6449966430664,92.62000274658203,92.62000274658203,92.62000274658203,13668.0
2022-01-04 11:42:00-05:00,92.625,92.625,92.61000061035156,92.61499786376953,92.61499786376953,4526.0
2022-01-04 11:43:00-05:00,92.62000274658203,92.62000274658203,92.61000061035156,92.61000061035156,92.61000061035156,7266.0
2022-01-04 11:44:00-05:00,92.61000061035156,92.61000061035156,92.58999633789062,92.58999633789062,92.58999633789062,18030.0
2022-01-04 11:45:00-05:00,92.5999984741211,92.5999984741211,92.52999877929688,92.53980255126953,92.53980255126953,20803.0
2022-01-04 11:46:00-05:00,92.52999877929688,92.54000091552734,92.51000213623047,92.51000213623047,92.51000213623047,20809.0
2022-01-04 11:47:00-05:00,92.51499938964844,92.54000091552734,92.51000213623047,92.53500366210938,92.53500366210938,40265.0
2022-01-04 11:48:00-05:00,92.52999877929688,92.55000305175781,92.5199966430664,92.54499816894531,92.54499816894531,10726.0
2022-01-04 11:49:00-05:00,92.53500366210938,92.55999755859375,92.52999877929688,92.55999755859375,92.55999755859375,8629.0
2022-01-04 11:50:00-05:00,92.56999969482422,92.58000183105469,92.55000305175781,92.55999755859375,92.55999755859375,6444.0
2022-01-04 11:51:00-05:00,92.55500030517578,92.55500030517578,92.54000091552734,92.55500030517578,92.55500030517578,6970.0
2022-01-04 11:52:00-05:00,92.55999755859375,92.57499694824219,92.54000091552734,92.55000305175781,92.55000305175781,41331.0
2022-01-04 11:53:00-05:00,92.55000305175781,92.58000183105469,92.55000305175781,92.56999969482422,92.56999969482422,33422.0
2022-01-04 11:54:00-05:00,92.56999969482422,92.58999633789062,92.55999755859375,92.58999633789062,92.58999633789062,11258.0
2022-01-04 11:55:00-05:00,92.56999969482422,92.63999938964844,92.56999969482422,92.61000061035156,92.61000061035156,14363.0
2022-01-04 11:56:00-05:00,92.62000274658203,92.63999938964844,92.61000061035156,92.62999725341797,92.62999725341797,10916.0
2022-01-04 11:57:00-05:00,92.62999725341797,92.6500015258789,92.62000274658203,92.63999938964844,92.63999938964844,8668.0
2022-01-04 11:58:00-05:00,92.63999938964844,92.66999816894531,92.62999725341797,92.66999816894531,92.66999816894531,9135.0
2022-01-04 11:59:00-05:00,92.66500091552734,92.68000030517578,92.6500015258789,92.68000030517578,92.68000030517578,6756.0
2022-01-04 12:00:00-05:00,92.66999816894531,92.68000030517578,92.63999938964844,92.6500015258789,92.6500015258789,4661.0
2022-01-04 12:01:00-05:00,92.6449966430664,92.65499877929688,92.63999938964844,92.6449966430664,92.6449966430664,3025.0
2022-01-04 12:02:00-05:00,92.6449966430664,92.6449966430664,92.62000274658203,92.63500213623047,92.63500213623047,15936.0
2022-01-04 12:03:00-05:00,92.63500213623047,92.66000366210938,92.62999725341797,92.63999938964844,92.63999938964844,14031.0
2022-01-04 12:04:00-05:00,92.66000366210938,92.72000122070312,92.6500015258789,92.69999694824219,92.69999694824219,9696.0
2022-01-04 12:05:00-05:00,92.69499969482422,92.69999694824219,92.68000030517578,92.68000030517578,92.68000030517578,5230.0
2022-01-04 12:06:00-05:00,92.69000244140625,92.69999694824219,92.68000030517578,92.69999694824219,92.69999694824219,10310.0
2022-01-04 12:07:00-05:00,92.69499969482422,92.70500183105469,92.68000030517578,92.70500183105469,92.70500183105469,9331.0
2022-01-04 12:08:00-05:00,92.70999908447266,92.72000122070312,92.69999694824219,92.70999908447266,92.70999908447266,2412.0
2022-01-04 12:09:00-05:00,92.70999908447266,92.72000122070312,92.69999694824219,92.70999908447266,92.70999908447266,4594.0
2022-01-04 12:10:00-05:00,92.70999908447266,92.70999908447266,92.67500305175781,92.67500305175781,92.67500305175781,14933.0
2022-01-04 12:11:00-05:00,92.67500305175781,92.69999694824219,92.66000366210938,92.69999694824219,92.69999694824219,18077.0
2022-01-04 12:12:00-05:00,92.70500183105469,92.70500183105469,92.69000244140625,92.69000244140625,92.69000244140625,2676.0
2022-01-04 12:13:00-05:00,92.69000244140625,92.69000244140625,92.6500015258789,92.65499877929688,92.65499877929688,14607.0
2022-01-04 12:14:00-05:00,92.6500015258789,92.66000366210938,92.6500015258789,92.65499877929688,92.65499877929688,7025.0
2022-01-04 12:15:00-05:00,92.6500015258789,92.66999816894531,92.6500015258789,92.65499877929688,92.65499877929688,5239.0
2022-01-04 12:16:00-05:00,92.66000366210938,92.66999816894531,92.6449966430664,92.66999816894531,92.66999816894531,8495.0
2022-01-04 12:17:00-05:00,92.66000366210938,92.66999816894531,92.6500015258789,92.6500015258789,92.6500015258789,6173.0
2022-01-04 12:18:00-05:00,92.6500015258789,92.6500015258789,92.62999725341797,92.6500015258789,92.6500015258789,14753.0
2022-01-04 12:19:00-05:00,92.6500015258789,92.66999816894531,92.6500015258789,92.66500091552734,92.66500091552734,9409.0
2022-01-04 12:20:00-05:00,92.66999816894531,92.66999816894531,92.63999938964844,92.6500015258789,92.6500015258789,4889.0
2022-01-04 12:21:00-05:00,92.62999725341797,92.62999725341797,92.5999984741211,92.61499786376953,92.61499786376953,5349.0
2022-01-04 12:22:00-05:00,92.62000274658203,92.62999725341797,92.5999984741211,92.62999725341797,92.62999725341797,10554.0
2022-01-04 12:23:00-05:00,92.62999725341797,92.62999725341797,92.625,92.62999725341797,92.62999725341797,377.0
2022-01-04 12:24:00-05:00,92.625,92.62999725341797,92.61000061035156,92.61000061035156,92.61000061035156,3891.0
2022-01-04 12:25:00-05:00,92.61499786376953,92.62000274658203,92.5999984741211,92.62000274658203,92.62000274658203,7017.0
2022-01-04 12:26:00-05:00,92.61000061035156,92.61499786376953,92.58999633789062,92.5999984741211,92.5999984741211,7001.0
2022-01-04 12:27:00-05:00,92.6050033569336,92.61000061035156,92.58999633789062,92.5999984741211,92.5999984741211,14813.0
2022-01-04 12:28:00-05:00,92.5999984741211,92.5999984741211,92.59500122070312,92.5999984741211,92.5999984741211,857.0
2022-01-04 12:29:00-05:00,92.5999984741211,92.62000274658203,92.58999633789062,92.62000274658203,92.62000274658203,14419.0
2022-01-04 12:30:00-05:00,92.61499786376953,92.62000274658203,92.58999633789062,92.61000061035156,92.61000061035156,8705.0
2022-01-04 12:31:00-05:00,92.61000061035156,92.61000061035156,92.55999755859375,92.58999633789062,92.58999633789062,16391.0
2022-01-04 12:32:00-05:00,92.58999633789062,92.5999984741211,92.58000183105469,92.5999984741211,92.5999984741211,4264.0
2022-01-04 12:33:00-05:00,92.62000274658203,92.62000274658203,92.61000061035156,92.61000061035156,92.61000061035156,8827.0
2022-01-04 12:34:00-05:00,92.61499786376953,92.62000274658203,92.61000061035156,92.61499786376953,92.61499786376953,2797.0
2022-01-04 12:35:00-05:00,92.61000061035156,92.61499786376953,92.5999984741211,92.61000061035156,92.61000061035156,6338.0
2022-01-04 12:36:00-05:00,92.61000061035156,92.61000061035156,92.58999633789062,92.5999984741211,92.5999984741211,9188.0
2022-01-04 12:37:00-05:00,92.61000061035156,92.61000061035156,92.55999755859375,92.56500244140625,92.56500244140625,5292.0
2022-01-04 12:38:00-05:00,92.55999755859375,92.58000183105469,92.55999755859375,92.57499694824219,92.57499694824219,10376.0
2022-01-04 12:39:00-05:00,92.56999969482422,92.58999633789062,92.55999755859375,92.58999633789062,92.58999633789062,8021.0
2022-01-04 12:40:00-05:00,92.58499908447266,92.58499908447266,92.55000305175781,92.56999969482422,92.56999969482422,9992.0
2022-01-04 12:41:00-05:00,92.55999755859375,92.56999969482422,92.55000305175781,92.56999969482422,92.56999969482422,4641.0
2022-01-04 12:42:00-05:00,92.56500244140625,92.58000183105469,92.55999755859375,92.57499694824219,92.57499694824219,8566.0
2022-01-04 12:43:00-05:00,92.58000183105469,92.58000183105469,92.57499694824219,92.58000183105469,92.58000183105469,806.0
2022-01-04 12:44:00-05:00,92.57499694824219,92.58000183105469,92.52999877929688,92.52999877929688,92.52999877929688,14887.0
2022-01-04 12:45:00-05:00,92.53500366210938,92.55999755859375,92.52999877929688,92.55500030517578,92.55500030517578,9413.0
2022-01-04 12:46:00-05:00,92.55999755859375,92.55999755859375,92.55000305175781,92.55000305175781,92.55000305175781,2466.0
2022-01-04 12:47:00-05:00,92.55000305175781,92.55000305175781,92.53500366210938,92.54000091552734,92.54000091552734,1277.0
2022-01-04 12:48:00-05:00,92.53500366210938,92.53500366210938,92.5,92.5199966430664,92.5199966430664,23875.0
2022-01-04 12:49:00-05:00,92.51499938964844,92.55000305175781,92.5,92.52999877929688,92.52999877929688,23280.0
2022-01-04 12:50:00-05:00,92.53500366210938,92.55999755859375,92.5199966430664,92.55999755859375,92.55999755859375,12040.0
2022-01-04 12:51:00-05:00,92.55500030517578,92.56999969482422,92.55500030517578,92.56500244140625,92.56500244140625,5273.0
2022-01-04 12:52:00-05:00,92.56500244140625,92.56999969482422,92.55999755859375,92.56999969482422,92.56999969482422,2018.0
2022-01-04 12:53:00-05:00,92.56500244140625,92.56500244140625,92.54499816894531,92.55000305175781,92.55000305175781,9091.0
2022-01-04 12:54:00-05:00,92.54499816894531,92.55999755859375,92.53500366210938,92.5553970336914,92.5553970336914,10846.0
2022-01-04 12:55:00-05:00,92.55999755859375,92.55999755859375,92.55000305175781,92.55999755859375,92.55999755859375,7020.0
2022-01-04 12:56:00-05:00,92.55500030517578,92.55999755859375,92.54000091552734,92.55000305175781,92.55000305175781,7009.0
2022-01-04 12:57:00-05:00,92.54000091552734,92.54499816894531,92.52999877929688,92.54000091552734,92.54000091552734,3579.0
2022-01-04 12:58:00-05:00,92.52999877929688,92.54000091552734,92.52999877929688,92.53500366210938,92.53500366210938,14177.0
2022-01-04 12:59:00-05:00,92.53500366210938,92.54000091552734,92.53500366210938,92.54000091552734,92.54000091552734,5125.0
2022-01-04 13:00:00-05:00,92.53500366210938,92.54000091552734,92.5199966430664,92.54000091552734,92.54000091552734,15313.0
2022-01-04 13:01:00-05:00,92.54000091552734,92.55999755859375,92.52999877929688,92.55999755859375,92.55999755859375,9238.0
2022-01-04 13:02:00-05:00,92.55999755859375,92.55999755859375,92.54499816894531,92.54499816894531,92.54499816894531,2806.0
2022-01-04 13:03:00-05:00,92.55000305175781,92.55999755859375,92.55000305175781,92.55500030517578,92.55500030517578,5529.0
2022-01-04 13:04:00-05:00,92.55000305175781,92.55000305175781,92.53500366210938,92.55000305175781,92.55000305175781,5923.0
2022-01-04 13:05:00-05:00,92.54000091552734,92.54000091552734,92.52999877929688,92.53500366210938,92.53500366210938,7033.0
2022-01-04 13:06:00-05:00,92.52999877929688,92.52999877929688,92.5199966430664,92.5250015258789,92.5250015258789,7574.0
2022-01-04 13:07:00-05:00,92.5250015258789,92.55000305175781,92.5199966430664,92.53500366210938,92.53500366210938,19840.0
2022-01-04 13:08:00-05:00,92.52999877929688,92.56999969482422,92.5250015258789,92.56999969482422,92.56999969482422,8879.0
2022-01-04 13:09:00-05:00,92.56999969482422,92.56999969482422,92.52999877929688,92.54000091552734,92.54000091552734,7646.0
2022-01-04 13:10:00-05:00,92.54000091552734,92.56999969482422,92.53500366210938,92.56999969482422,92.56999969482422,8815.0
2022-01-04 13:11:00-05:00,92.56999969482422,92.56999969482422,92.56500244140625,92.56500244140625,92.56500244140625,3488.0
2022-01-04 13:12:00-05:00,92.56999969482422,92.58999633789062,92.56690216064453,92.58999633789062,92.58999633789062,11342.0
2022-01-04 13:13:00-05:00,92.58999633789062,92.58999633789062,92.56500244140625,92.56999969482422,92.56999969482422,7324.0
2022-01-04 13:14:00-05:00,92.58000183105469,92.58999633789062,92.56999969482422,92.58499908447266,92.58499908447266,10988.0
2022-01-04 13:15:00-05:00,92.58999633789062,92.58999633789062,92.58000183105469,92.58000183105469,92.58000183105469,3204.0
2022-01-04 13:16:00-05:00,92.58000183105469,92.58000183105469,92.56500244140625,92.58000183105469,92.58000183105469,11948.0
2022-01-04 13:17:00-05:00,92.56999969482422,92.57499694824219,92.55000305175781,92.55500030517578,92.55500030517578,9396.0
2022-01-04 13:18:00-05:00,92.55999755859375,92.58999633789062,92.55999755859375,92.58999633789062,92.58999633789062,5385.0
2022-01-04 13:19:00-05:00,92.58999633789062,92.5999984741211,92.58499908447266,92.58999633789062,92.58999633789062,5561.0
2022-01-04 13:20:00-05:00,92.58999633789062,92.58999633789062,92.58100128173828,92.58100128173828,92.58100128173828,1784.0
2022-01-04 13:21:00-05:00,92.58999633789062,92.61000061035156,92.58999633789062,92.5999984741211,92.5999984741211,6544.0
2022-01-04 13:22:00-05:00,92.5999984741211,92.5999984741211,92.58499908447266,92.59500122070312,92.59500122070312,6694.0
2022-01-04 13:23:00-05:00,92.5999984741211,92.5999984741211,92.57730102539062,92.57879638671875,92.57879638671875,5678.0
2022-01-04 13:24:00-05:00,92.58000183105469,92.61000061035156,92.58000183105469,92.58499908447266,92.58499908447266,6857.0
2022-01-04 13:25:00-05:00,92.58999633789062,92.58999633789062,92.58000183105469,92.58000183105469,92.58000183105469,2972.0
2022-01-04 13:26:00-05:00,92.58000183105469,92.5999984741211,92.56500244140625,92.59500122070312,92.59500122070312,9507.0
2022-01-04 13:27:00-05:00,92.58999633789062,92.6050033569336,92.58000183105469,92.58999633789062,92.58999633789062,5295.0
2022-01-04 13:28:00-05:00,92.58000183105469,92.61000061035156,92.55999755859375,92.5999984741211,92.5999984741211,26771.0
2022-01-04 13:29:00-05:00,92.58999633789062,92.58999633789062,92.56999969482422,92.58499908447266,92.58499908447266,5884.0
2022-01-04 13:30:00-05:00,92.58000183105469,92.58999633789062,92.55999755859375,92.55999755859375,92.55999755859375,5652.0
2022-01-04 13:31:00-05:00,92.55999755859375,92.55999755859375,92.55500030517578,92.55999755859375,92.55999755859375,2708.0
2022-01-04 13:32:00-05:00,92.55000305175781,92.55500030517578,92.52999877929688,92.52999877929688,92.52999877929688,3846.0
2022-01-04 13:33:00-05:00,92.52999877929688,92.55000305175781,92.5199966430664,92.54000091552734,92.54000091552734,12714.0
2022-01-04 13:34:00-05:00,92.52999877929688,92.54000091552734,92.5199966430664,92.54000091552734,92.54000091552734,21564.0
2022-01-04 13:35:00-05:00,92.54000091552734,92.55000305175781,92.54000091552734,92.54499816894531,92.54499816894531,11874.0
2022-01-04 13:36:00-05:00,92.54000091552734,92.55000305175781,92.52999877929688,92.55000305175781,92.55000305175781,8277.0
2022-01-04 13:37:00-05:00,92.54000091552734,92.55000305175781,92.54000091552734,92.54000091552734,92.54000091552734,3913.0
2022-01-04 13:38:00-05:00,92.55000305175781,92.58000183105469,92.55000305175781,92.58000183105469,92.58000183105469,14181.0
2022-01-04 13:39:00-05:00,92.58000183105469,92.58999633789062,92.56999969482422,92.56999969482422,92.56999969482422,5601.0
2022-01-04 13:40:00-05:00,92.56500244140625,92.56999969482422,92.55999755859375,92.56500244140625,92.56500244140625,4166.0
2022-01-04 13:41:00-05:00,92.56999969482422,92.56999969482422,92.55999755859375,92.56999969482422,92.56999969482422,4759.0
2022-01-04 13:42:00-05:00,92.56500244140625,92.58999633789062,92.55999755859375,92.58000183105469,92.58000183105469,11090.0
2022-01-04 13:43:00-05:00,92.58000183105469,92.6050033569336,92.58000183105469,92.5999984741211,92.5999984741211,8527.0
2022-01-04 13:44:00-05:00,92.5999984741211,92.5999984741211,92.58499908447266,92.58999633789062,92.58999633789062,4025.0
2022-01-04 13:45:00-05:00,92.58499908447266,92.5999984741211,92.58499908447266,92.5999984741211,92.5999984741211,10018.0
2022-01-04 13:46:00-05:00,92.5999984741211,92.61000061035156,92.59500122070312,92.6050033569336,92.6050033569336,3524.0
2022-01-04 13:47:00-05:00,92.5999984741211,92.62999725341797,92.58000183105469,92.62000274658203,92.62000274658203,45257.0
2022-01-04 13:48:00-05:00,92.62000274658203,92.62000274658203,92.5999984741211,92.5999984741211,92.5999984741211,4546.0
2022-01-04 13:49:00-05:00,92.5999984741211,92.61000061035156,92.5999984741211,92.6050033569336,92.6050033569336,3013.0
2022-01-04 13:50:00-05:00,92.61000061035156,92.61000061035156,92.58000183105469,92.58999633789062,92.58999633789062,4986.0
2022-01-04 13:51:00-05:00,92.58999633789062,92.58999633789062,92.57009887695312,92.57499694824219,92.57499694824219,8855.0
2022-01-04 13:52:00-05:00,92.58000183105469,92.5999984741211,92.56999969482422,92.58999633789062,92.58999633789062,10768.0
2022-01-04 13:53:00-05:00,92.58999633789062,92.5999984741211,92.58499908447266,92.58499908447266,92.58499908447266,2835.0
2022-01-04 13:54:00-05:00,92.58999633789062,92.58999633789062,92.56999969482422,92.58000183105469,92.58000183105469,7177.0
2022-01-04 13:55:00-05:00,92.58000183105469,92.58000183105469,92.56999969482422,92.56999969482422,92.56999969482422,3268.0
2022-01-04 13:56:00-05:00,92.56500244140625,92.56999969482422,92.56500244140625,92.56500244140625,92.56500244140625,971.0
2022-01-04 13:57:00-05:00,92.55999755859375,92.56500244140625,92.55000305175781,92.55500030517578,92.55500030517578,7936.0
2022-01-04 13:58:00-05:00,92.55500030517578,92.55999755859375,92.55000305175781,92.55989837646484,92.55989837646484,6026.0
2022-01-04 13:59:00-05:00,92.55999755859375,92.5999984741211,92.55500030517578,92.5999984741211,92.5999984741211,15236.0
2022-01-04 14:00:00-05:00,92.58000183105469,92.58000183105469,92.54000091552734,92.54499816894531,92.54499816894531,4627.0
2022-01-04 14:01:00-05:00,92.55000305175781,92.56999969482422,92.54499816894531,92.56999969482422,92.56999969482422,7505.0
2022-01-04 14:02:00-05:00,92.55999755859375,92.56999969482422,92.55500030517578,92.56500244140625,92.56500244140625,7892.0
2022-01-04 14:03:00-05:00,92.55999755859375,92.56999969482422,92.55500030517578,92.56999969482422,92.56999969482422,7350.0
2022-01-04 14:04:00-05:00,92.56500244140625,92.56500244140625,92.52999877929688,92.52999877929688,92.52999877929688,5692.0
2022-01-04 14:05:00-05:00,92.52999877929688,92.54000091552734,92.52999877929688,92.54000091552734,92.54000091552734,22331.0
2022-01-04 14:06:00-05:00,92.54000091552734,92.54000091552734,92.52999877929688,92.54000091552734,92.54000091552734,7337.0
2022-01-04 14:07:00-05:00,92.53500366210938,92.54000091552734,92.52999877929688,92.52999877929688,92.52999877929688,8378.0
2022-01-04 14:08:00-05:00,92.54000091552734,92.54000091552734,92.52999877929688,92.54000091552734,92.54000091552734,11001.0
2022-01-04 14:09:00-05:00,92.53500366210938,92.54000091552734,92.52999877929688,92.52999877929688,92.52999877929688,10584.0
2022-01-04 14:10:00-05:00,92.54000091552734,92.54000091552734,92.52999877929688,92.54000091552734,92.54000091552734,14097.0
2022-01-04 14:11:00-05:00,92.53500366210938,92.55999755859375,92.53500366210938,92.55000305175781,92.55000305175781,5513.0
2022-01-04 14:12:00-05:00,92.55500030517578,92.55999755859375,92.55000305175781,92.55000305175781,92.55000305175781,775.0
2022-01-04 14:13:00-05:00,92.55000305175781,92.55000305175781,92.52860260009766,92.52999877929688,92.52999877929688,8818.0
2022-01-04 14:14:00-05:00,92.5199966430664,92.55000305175781,92.5199966430664,92.55000305175781,92.55000305175781,14537.0
2022-01-04 14:15:00-05:00,92.54499816894531,92.55000305175781,92.52999877929688,92.54000091552734,92.54000091552734,4752.0
2022-01-04 14:16:00-05:00,92.52999877929688,92.54000091552734,92.52999877929688,92.53500366210938,92.53500366210938,4643.0
2022-01-04 14:17:00-05:00,92.54000091552734,92.55000305175781,92.54000091552734,92.54499816894531,92.54499816894531,6024.0
2022-01-04 14:18:00-05:00,92.55000305175781,92.55999755859375,92.54499816894531,92.55000305175781,92.55000305175781,3373.0
2022-01-04 14:19:00-05:00,92.55000305175781,92.55000305175781,92.54000091552734,92.54000091552734,92.54000091552734,1167.0
2022-01-04 14:20:00-05:00,92.54000091552734,92.55000305175781,92.54000091552734,92.54499816894531,92.54499816894531,5640.0
2022-01-04 14:21:00-05:00,92.55000305175781,92.55000305175781,92.52999877929688,92.53500366210938,92.53500366210938,8075.0
2022-01-04 14:22:00-05:00,92.53500366210938,92.55000305175781,92.52999877929688,92.55000305175781,92.55000305175781,12680.0
2022-01-04 14:23:00-05:00,92.55000305175781,92.58000183105469,92.55000305175781,92.58000183105469,92.58000183105469,6754.0
2022-01-04 14:24:00-05:00,92.56999969482422,92.56999969482422,92.55500030517578,92.55999755859375,92.55999755859375,4009.0
2022-01-04 14:25:00-05:00,92.55000305175781,92.55999755859375,92.55000305175781,92.55500030517578,92.55500030517578,101210.0
2022-01-04 14:26:00-05:00,92.55000305175781,92.55999755859375,92.55000305175781,92.55500030517578,92.55500030517578,4305.0
2022-01-04 14:27:00-05:00,92.55500030517578,92.55999755859375,92.55000305175781,92.55500030517578,92.55500030517578,5286.0
2022-01-04 14:28:00-05:00,92.55500030517578,92.58999633789062,92.55000305175781,92.58999633789062,92.58999633789062,110168.0
2022-01-04 14:29:00-05:00,92.58999633789062,92.6050033569336,92.58499908447266,92.5999984741211,92.5999984741211,9938.0
2022-01-04 14:30:00-05:00,92.5999984741211,92.5999984741211,92.58499908447266,92.58999633789062,92.58999633789062,4756.0
2022-01-04 14:31:00-05:00,92.58000183105469,92.5999984741211,92.58000183105469,92.59500122070312,92.59500122070312,12036.0
2022-01-04 14:32:00-05:00,92.58999633789062,92.5999984741211,92.58000183105469,92.58999633789062,92.58999633789062,4093.0
2022-01-04 14:33:00-05:00,92.58000183105469,92.58000183105469,92.55500030517578,92.55999755859375,92.55999755859375,8971.0
2022-01-04 14:34:00-05:00,92.56999969482422,92.5999984741211,92.55999755859375,92.5999984741211,92.5999984741211,17441.0
2022-01-04 14:35:00-05:00,92.5999984741211,92.62999725341797,92.59500122070312,92.625,92.625,16704.0
2022-01-04 14:36:00-05:00,92.63999938964844,92.63999938964844,92.62000274658203,92.62000274658203,92.62000274658203,2719.0
2022-01-04 14:37:00-05:00,92.62999725341797,92.62999725341797,92.6050033569336,92.61000061035156,92.61000061035156,3277.0
2022-01-04 14:38:00-05:00,92.61000061035156,92.61000061035156,92.5999984741211,92.5999984741211,92.5999984741211,13092.0
2022-01-04 14:39:00-05:00,92.60820007324219,92.61000061035156,92.5999984741211,92.6050033569336,92.6050033569336,145407.0
2022-01-04 14:40:00-05:00,92.6050033569336,92.61000061035156,92.59500122070312,92.59500122070312,92.59500122070312,7294.0
2022-01-04 14:41:00-05:00,92.5999984741211,92.62999725341797,92.5999984741211,92.625,92.625,7011.0
2022-01-04 14:42:00-05:00,92.625,92.625,92.6050033569336,92.62000274658203,92.62000274658203,6157.0
2022-01-04 14:43:00-05:00,92.625,92.63999938964844,92.625,92.63500213623047,92.63500213623047,2893.0
2022-01-04 14:44:00-05:00,92.62999725341797,92.62999725341797,92.61499786376953,92.62000274658203,92.62000274658203,2709.0
2022-01-04 14:45:00-05:00,92.62000274658203,92.63999938964844,92.61499786376953,92.62999725341797,92.62999725341797,6568.0
2022-01-04 14:46:00-05:00,92.62999725341797,92.63999938964844,92.62999725341797,92.63500213623047,92.63500213623047,1314.0
2022-01-04 14:47:00-05:00,92.63500213623047,92.63999938964844,92.62000274658203,92.63500213623047,92.63500213623047,5409.0
2022-01-04 14:48:00-05:00,92.62999725341797,92.63999938964844,92.62000274658203,92.63999938964844,92.63999938964844,4600.0
2022-01-04 14:49:00-05:00,92.62000274658203,92.62999725341797,92.61499786376953,92.62000274658203,92.62000274658203,4770.0
2022-01-04 14:50:00-05:00,92.62000274658203,92.62000274658203,92.61000061035156,92.62000274658203,92.62000274658203,8195.0
2022-01-04 14:51:00-05:00,92.61499786376953,92.62000274658203,92.61000061035156,92.61499786376953,92.61499786376953,4643.0
2022-01-04 14:52:00-05:00,92.62000274658203,92.62999725341797,92.61499786376953,92.62000274658203,92.62000274658203,14568.0
2022-01-04 14:53:00-05:00,92.62000274658203,92.62999725341797,92.61499786376953,92.62999725341797,92.62999725341797,5531.0
2022-01-04 14:54:00-05:00,92.62999725341797,92.6500015258789,92.62999725341797,92.62999725341797,92.62999725341797,6043.0
2022-01-04 14:55:00-05:00,92.62999725341797,92.62999725341797,92.62000274658203,92.625,92.625,5561.0
2022-01-04 14:56:00-05:00,92.62000274658203,92.6449966430664,92.62000274658203,92.63999938964844,92.63999938964844,9453.0
2022-01-04 14:57:00-05:00,92.63999938964844,92.6449966430664,92.63500213623047,92.63999938964844,92.63999938964844,2047.0
2022-01-04 14:58:00-05:00,92.63500213623047,92.63500213623047,92.61499786376953,92.62999725341797,92.62999725341797,4330.0
2022-01-04 14:59:00-05:00,92.62000274658203,92.68000030517578,92.61499786376953,92.68000030517578,92.68000030517578,12444.0
2022-01-04 15:00:00-05:00,92.68000030517578,92.69000244140625,92.66000366210938,92.68499755859375,92.68499755859375,4686.0
2022-01-04 15:01:00-05:00,92.69000244140625,92.70500183105469,92.68499755859375,92.70500183105469,92.70500183105469,4491.0
2022-01-04 15:02:00-05:00,92.70500183105469,92.71499633789062,92.68000030517578,92.71499633789062,92.71499633789062,11321.0
2022-01-04 15:03:00-05:00,92.70999908447266,92.70999908447266,92.69999694824219,92.69999694824219,92.69999694824219,6121.0
2022-01-04 15:04:00-05:00,92.70999908447266,92.73999786376953,92.70999908447266,92.7300033569336,92.7300033569336,5608.0
2022-01-04 15:05:00-05:00,92.7300033569336,92.7300033569336,92.7300033569336,92.7300033569336,92.7300033569336,893.0
2022-01-04 15:06:00-05:00,92.73500061035156,92.7699966430664,92.73500061035156,92.7699966430664,92.7699966430664,7228.0
2022-01-04 15:07:00-05:00,92.7699966430664,92.79000091552734,92.76499938964844,92.79000091552734,92.79000091552734,3570.0
2022-01-04 15:08:00-05:00,92.80000305175781,92.80000305175781,92.7699966430664,92.77999877929688,92.77999877929688,9196.0
2022-01-04 15:09:00-05:00,92.7750015258789,92.80500030517578,92.7699966430664,92.80500030517578,92.80500030517578,4436.0
2022-01-04 15:10:00-05:00,92.80999755859375,92.80999755859375,92.79499816894531,92.80999755859375,92.80999755859375,5557.0
2022-01-04 15:11:00-05:00,92.80999755859375,92.81500244140625,92.80500030517578,92.80999755859375,92.80999755859375,3360.0
2022-01-04 15:12:00-05:00,92.81999969482422,92.83000183105469,92.80999755859375,92.80999755859375,92.80999755859375,7968.0
2022-01-04 15:13:00-05:00,92.80500030517578,92.80500030517578,92.79000091552734,92.79499816894531,92.79499816894531,7173.0
2022-01-04 15:14:00-05:00,92.80000305175781,92.80500030517578,92.79499816894531,92.79499816894531,92.79499816894531,3432.0
2022-01-04 15:15:00-05:00,92.80000305175781,92.80999755859375,92.79000091552734,92.80500030517578,92.80500030517578,8073.0
2022-01-04 15:16:00-05:00,92.80000305175781,92.80999755859375,92.79000091552734,92.79499816894531,92.79499816894531,7894.0
2022-01-04 15:17:00-05:00,92.80000305175781,92.80999755859375,92.79000091552734,92.79000091552734,92.79000091552734,5875.0
2022-01-04 15:18:00-05:00,92.78500366210938,92.80500030517578,92.7750015258789,92.80500030517578,92.80500030517578,15923.0
2022-01-04 15:19:00-05:00,92.80000305175781,92.80000305175781,92.78099822998047,92.78500366210938,92.78500366210938,12012.0
2022-01-04 15:20:00-05:00,92.77999877929688,92.80000305175781,92.7699966430664,92.79000091552734,92.79000091552734,11364.0
2022-01-04 15:21:00-05:00,92.78500366210938,92.79499816894531,92.77999877929688,92.79499816894531,92.79499816894531,6305.0
2022-01-04 15:22:00-05:00,92.79499816894531,92.80000305175781,92.78500366210938,92.78500366210938,92.78500366210938,2966.0
2022-01-04 15:23:00-05:00,92.78500366210938,92.79000091552734,92.7699966430664,92.7699966430664,92.7699966430664,15606.0
2022-01-04 15:24:00-05:00,92.7750015258789,92.77999877929688,92.75,92.76000213623047,92.76000213623047,10721.0
2022-01-04 15:25:00-05:00,92.75499725341797,92.76000213623047,92.7300033569336,92.7300033569336,92.7300033569336,29994.0
2022-01-04 15:26:00-05:00,92.72000122070312,92.7300033569336,92.70999908447266,92.70999908447266,92.70999908447266,15461.0
2022-01-04 15:27:00-05:00,92.70999908447266,92.70999908447266,92.69999694824219,92.70500183105469,92.70500183105469,7048.0
2022-01-04 15:28:00-05:00,92.70500183105469,92.75,92.70500183105469,92.74500274658203,92.74500274658203,9193.0
2022-01-04 15:29:00-05:00,92.74500274658203,92.76000213623047,92.7300033569336,92.73500061035156,92.73500061035156,12030.0
2022-01-04 15:30:00-05:00,92.7300033569336,92.7300033569336,92.69000244140625,92.69499969482422,92.69499969482422,3935.0
2022-01-04 15:31:00-05:00,92.69499969482422,92.71499633789062,92.69499969482422,92.69499969482422,92.69499969482422,15452.0
2022-01-04 15:32:00-05:00,92.69999694824219,92.69999694824219,92.66000366210938,92.66999816894531,92.66999816894531,7853.0
2022-01-04 15:33:00-05:00,92.66500091552734,92.70999908447266,92.66000366210938,92.70999908447266,92.70999908447266,31508.0
2022-01-04 15:34:00-05:00,92.70500183105469,92.70500183105469,92.66000366210938,92.66999816894531,92.66999816894531,11040.0
2022-01-04 15:35:00-05:00,92.66999816894531,92.68000030517578,92.66000366210938,92.67500305175781,92.67500305175781,14252.0
2022-01-04 15:36:00-05:00,92.67500305175781,92.67500305175781,92.66000366210938,92.66999816894531,92.66999816894531,6400.0
2022-01-04 15:37:00-05:00,92.66999816894531,92.68000030517578,92.66000366210938,92.68000030517578,92.68000030517578,13965.0
2022-01-04 15:38:00-05:00,92.68000030517578,92.69000244140625,92.66000366210938,92.67500305175781,92.67500305175781,4542.0
2022-01-04 15:39:00-05:00,92.66999816894531,92.69999694824219,92.66000366210938,92.69000244140625,92.69000244140625,13033.0
2022-01-04 15:40:00-05:00,92.69499969482422,92.69999694824219,92.68000030517578,92.69000244140625,92.69000244140625,5570.0
2022-01-04 15:41:00-05:00,92.69499969482422,92.76000213623047,92.68499755859375,92.75,92.75,33679.0
2022-01-04 15:42:00-05:00,92.76000213623047,92.76000213623047,92.72000122070312,92.72000122070312,92.72000122070312,12594.0
2022-01-04 15:43:00-05:00,92.70999908447266,92.72000122070312,92.69499969482422,92.69999694824219,92.69999694824219,9208.0
2022-01-04 15:44:00-05:00,92.69499969482422,92.69499969482422,92.68000030517578,92.69000244140625,92.69000244140625,11247.0
2022-01-04 15:45:00-05:00,92.69000244140625,92.70999908447266,92.68499755859375,92.70500183105469,92.70500183105469,3771.0
2022-01-04 15:46:00-05:00,92.70500183105469,92.70999908447266,92.69499969482422,92.70500183105469,92.70500183105469,7013.0
2022-01-04 15:47:00-05:00,92.69999694824219,92.69999694824219,92.68000030517578,92.68000030517578,92.68000030517578,11901.0
2022-01-04 15:48:00-05:00,92.69000244140625,92.70500183105469,92.68000030517578,92.70500183105469,92.70500183105469,8986.0
2022-01-04 15:49:00-05:00,92.70999908447266,92.70999908447266,92.69000244140625,92.69999694824219,92.69999694824219,7585.0
2022-01-04 15:50:00-05:00,92.69499969482422,92.69499969482422,92.6500015258789,92.66500091552734,92.66500091552734,18480.0
2022-01-04 15:51:00-05:00,92.66500091552734,92.66999816894531,92.66000366210938,92.66100311279297,92.66100311279297,18206.0
2022-01-04 15:52:00-05:00,92.66000366210938,92.66999816894531,92.66000366210938,92.66000366210938,92.66000366210938,14528.0
2022-01-04 15:53:00-05:00,92.66500091552734,92.66999816894531,92.66000366210938,92.66000366210938,92.66000366210938,18175.0
2022-01-04 15:54:00-05:00,92.66999816894531,92.66999816894531,92.6500015258789,92.66999816894531,92.66999816894531,32851.0
2022-01-04 15:55:00-05:00,92.66000366210938,92.66999816894531,92.62000274658203,92.62000274658203,92.62000274658203,39489.0
2022-01-04 15:56:00-05:00,92.625,92.62999725341797,92.61000061035156,92.61499786376953,92.61499786376953,37427.0
2022-01-04 15:57:00-05:00,92.62000274658203,92.6500015258789,92.61000061035156,92.63999938964844,92.63999938964844,72061.0
2022-01-04 15:58:00-05:00,92.63500213623047,92.63999938964844,92.62999725341797,92.63500213623047,92.63500213623047,34773.0
2022-01-04 15:59:00-05:00,92.63500213623047,92.68000030517578,92.62999725341797,92.63999938964844,92.63999938964844,56644.0
2022-01-05 09:30:00-05:00,92.5999984741211,92.79000091552734,92.55000305175781,92.6500015258789,92.6500015258789,105350.0
2022-01-05 09:31:00-05:00,92.6500015258789,92.75,92.6500015258789,92.6500015258789,92.6500015258789,17732.0
2022-01-05 09:32:00-05:00,92.67500305175781,92.79000091552734,92.67500305175781,92.77660369873047,92.77660369873047,17417.0
2022-01-05 09:33:00-05:00,92.75,92.77999877929688,92.69000244140625,92.7300033569336,92.7300033569336,7799.0
2022-01-05 09:34:00-05:00,92.7300033569336,92.76000213623047,92.71499633789062,92.76000213623047,92.76000213623047,7118.0
2022-01-05 09:35:00-05:00,92.76000213623047,92.79000091552734,92.7300033569336,92.77999877929688,92.77999877929688,8815.0
2022-01-05 09:37:00-05:00,92.68000030517578,92.72000122070312,92.66000366210938,92.70999908447266,92.70999908447266,41939.0
2022-01-05 09:38:00-05:00,92.7020034790039,92.70999908447266,92.66999816894531,92.70999908447266,92.70999908447266,3967.0
2022-01-05 09:39:00-05:00,92.70999908447266,92.70999908447266,92.69000244140625,92.70999908447266,92.70999908447266,1674.0
2022-01-05 09:40:00-05:00,92.69139862060547,92.76000213623047,92.69139862060547,92.73999786376953,92.73999786376953,15827.0
2022-01-05 09:41:00-05:00,92.73999786376953,92.77999877929688,92.7300033569336,92.73999786376953,92.73999786376953,4544.0
2022-01-05 09:42:00-05:00,92.76000213623047,92.76000213623047,92.72000122070312,92.7249984741211,92.7249984741211,7021.0
2022-01-05 09:43:00-05:00,92.70999908447266,92.74700164794922,92.69999694824219,92.70999908447266,92.70999908447266,3398.0
2022-01-05 09:44:00-05:00,92.69999694824219,92.73999786376953,92.69999694824219,92.7300033569336,92.7300033569336,14407.0
2022-01-05 09:45:00-05:00,92.7300033569336,92.75,92.71499633789062,92.7300033569336,92.7300033569336,12867.0
2022-01-05 09:46:00-05:00,92.72000122070312,92.7300033569336,92.68000030517578,92.7300033569336,92.7300033569336,48394.0
2022-01-05 09:47:00-05:00,92.7300033569336,92.79000091552734,92.7300033569336,92.78500366210938,92.78500366210938,33555.0
2022-01-05 09:48:00-05:00,92.78500366210938,92.80999755859375,92.76000213623047,92.76000213623047,92.76000213623047,8582.0
2022-01-05 09:49:00-05:00,92.75,92.75,92.71499633789062,92.7300033569336,92.7300033569336,10485.0
2022-01-05 09:50:00-05:00,92.7249984741211,92.80000305175781,92.72000122070312,92.74500274658203,92.74500274658203,12653.0
2022-01-05 09:51:00-05:00,92.75,92.75,92.7249984741211,92.7300033569336,92.7300033569336,10466.0
2022-01-05 09:52:00-05:00,92.73500061035156,92.75,92.70500183105469,92.73999786376953,92.73999786376953,13749.0
2022-01-05 09:53:00-05:00,92.7300033569336,92.73999786376953,92.7300033569336,92.73500061035156,92.73500061035156,3851.0
2022-01-05 09:54:00-05:00,92.73500061035156,92.73999786376953,92.72000122070312,92.73999786376953,92.73999786376953,19331.0
2022-01-05 09:55:00-05:00,92.7300033569336,92.75,92.72000122070312,92.75,92.75,10515.0
2022-01-05 09:56:00-05:00,92.73999786376953,92.73999786376953,92.7300033569336,92.7300033569336,92.7300033569336,6529.0
2022-01-05 09:57:00-05:00,92.7300033569336,92.75,92.66999816894531,92.66999816894531,92.66999816894531,46430.0
2022-01-05 09:58:00-05:00,92.69000244140625,92.69999694824219,92.6500015258789,92.69499969482422,92.69499969482422,21836.0
2022-01-05 09:59:00-05:00,92.69999694824219,92.69999694824219,92.66000366210938,92.66999816894531,92.66999816894531,5181.0
2022-01-05 10:00:00-05:00,92.66999816894531,92.66999816894531,92.62999725341797,92.62999725341797,92.62999725341797,37858.0
2022-01-05 10:01:00-05:00,92.6500015258789,92.6500015258789,92.56999969482422,92.56999969482422,92.56999969482422,22826.0
2022-01-05 10:02:00-05:00,92.56999969482422,92.66999816894531,92.56999969482422,92.62999725341797,92.62999725341797,29623.0
2022-01-05 10:03:00-05:00,92.6449966430664,92.66999816894531,92.62999725341797,92.6500015258789,92.6500015258789,7166.0
2022-01-05 10:04:00-05:00,92.62999725341797,92.66000366210938,92.62999725341797,92.66000366210938,92.66000366210938,6593.0
2022-01-05 10:05:00-05:00,92.66000366210938,92.69000244140625,92.6500015258789,92.68499755859375,92.68499755859375,7371.0
2022-01-05 10:06:00-05:00,92.68499755859375,92.69000244140625,92.63999938964844,92.66000366210938,92.66000366210938,14095.0
2022-01-05 10:07:00-05:00,92.66999816894531,92.68499755859375,92.6500015258789,92.68099975585938,92.68099975585938,8249.0
2022-01-05 10:08:00-05:00,92.68000030517578,92.69999694824219,92.66999816894531,92.69999694824219,92.69999694824219,6005.0
2022-01-05 10:09:00-05:00,92.66999816894531,92.69000244140625,92.66999816894531,92.68499755859375,92.68499755859375,3930.0
2022-01-05 10:10:00-05:00,92.68000030517578,92.69999694824219,92.66999816894531,92.69000244140625,92.69000244140625,7225.0
2022-01-05 10:11:00-05:00,92.69000244140625,92.69000244140625,92.66000366210938,92.66999816894531,92.66999816894531,6710.0
2022-01-05 10:12:00-05:00,92.66500091552734,92.66500091552734,92.62999725341797,92.6500015258789,92.6500015258789,7339.0
2022-01-05 10:13:00-05:00,92.63999938964844,92.6500015258789,92.625,92.62999725341797,92.62999725341797,13517.0
2022-01-05 10:14:00-05:00,92.63500213623047,92.6500015258789,92.62999725341797,92.63999938964844,92.63999938964844,3168.0
2022-01-05 10:15:00-05:00,92.6449966430664,92.66000366210938,92.64009857177734,92.64299774169922,92.64299774169922,5678.0
2022-01-05 10:16:00-05:00,92.6500015258789,92.66999816894531,92.63999938964844,92.63999938964844,92.63999938964844,5911.0
2022-01-05 10:17:00-05:00,92.6449966430664,92.6500015258789,92.62000274658203,92.62000274658203,92.62000274658203,8648.0
2022-01-05 10:18:00-05:00,92.62000274658203,92.6500015258789,92.62000274658203,92.63999938964844,92.63999938964844,4788.0
2022-01-05 10:19:00-05:00,92.625,92.66999816894531,92.62000274658203,92.66999816894531,92.66999816894531,16416.0
2022-01-05 10:20:00-05:00,92.66000366210938,92.69000244140625,92.6500015258789,92.68000030517578,92.68000030517578,5375.0
2022-01-05 10:21:00-05:00,92.68000030517578,92.70999908447266,92.67500305175781,92.70999908447266,92.70999908447266,9774.0
2022-01-05 10:22:00-05:00,92.70999908447266,92.72000122070312,92.68000030517578,92.68000030517578,92.68000030517578,4101.0
2022-01-05 10:23:00-05:00,92.69000244140625,92.70500183105469,92.67500305175781,92.68000030517578,92.68000030517578,8067.0
2022-01-05 10:24:00-05:00,92.68000030517578,92.69000244140625,92.67500305175781,92.69000244140625,92.69000244140625,5449.0
2022-01-05 10:25:00-05:00,92.69000244140625,92.70999908447266,92.68499755859375,92.69000244140625,92.69000244140625,4870.0
2022-01-05 10:26:00-05:00,92.70500183105469,92.70500183105469,92.66500091552734,92.66999816894531,92.66999816894531,12042.0
2022-01-05 10:27:00-05:00,92.66999816894531,92.67500305175781,92.6500015258789,92.66999816894531,92.66999816894531,10876.0
2022-01-05 10:28:00-05:00,92.66999816894531,92.68000030517578,92.66000366210938,92.66000366210938,92.66000366210938,3703.0
2022-01-05 10:29:00-05:00,92.66000366210938,92.66999816894531,92.65499877929688,92.66230010986328,92.66230010986328,4289.0
2022-01-05 10:30:00-05:00,92.66999816894531,92.66999816894531,92.62000274658203,92.62000274658203,92.62000274658203,14044.0
2022-01-05 10:31:00-05:00,92.625,92.62999725341797,92.62000274658203,92.625,92.625,3805.0
2022-01-05 10:32:00-05:00,92.62999725341797,92.63999938964844,92.62000274658203,92.62999725341797,92.62999725341797,12171.0
2022-01-05 10:33:00-05:00,92.62000274658203,92.62999725341797,92.5999984741211,92.5999984741211,92.5999984741211,12984.0
2022-01-05 10:34:00-05:00,92.61000061035156,92.62000274658203,92.5999984741211,92.61000061035156,92.61000061035156,14562.0
2022-01-05 10:35:00-05:00,92.62000274658203,92.63999938964844,92.61499786376953,92.62999725341797,92.62999725341797,8006.0
2022-01-05 10:36:00-05:00,92.62999725341797,92.63500213623047,92.61000061035156,92.61000061035156,92.61000061035156,5896.0
2022-01-05 10:37:00-05:00,92.62000274658203,92.6500015258789,92.62000274658203,92.6449966430664,92.6449966430664,6770.0
2022-01-05 10:38:00-05:00,92.6500015258789,92.66000366210938,92.63999938964844,92.66000366210938,92.66000366210938,6957.0
2022-01-05 10:39:00-05:00,92.66000366210938,92.66500091552734,92.63999938964844,92.6500015258789,92.6500015258789,8694.0
2022-01-05 10:40:00-05:00,92.63999938964844,92.63999938964844,92.62000274658203,92.62000274658203,92.62000274658203,2094.0
2022-01-05 10:41:00-05:00,92.625,92.63500213623047,92.61000061035156,92.62000274658203,92.62000274658203,7934.0
2022-01-05 10:42:00-05:00,92.61620330810547,92.66999816894531,92.61000061035156,92.66000366210938,92.66000366210938,16982.0
2022-01-05 10:43:00-05:00,92.66999816894531,92.68000030517578,92.6500015258789,92.65499877929688,92.65499877929688,6217.0
2022-01-05 10:44:00-05:00,92.66000366210938,92.66999816894531,92.66000366210938,92.66999816894531,92.66999816894531,1075.0
2022-01-05 10:45:00-05:00,92.66000366210938,92.66000366210938,92.64119720458984,92.6500015258789,92.6500015258789,5129.0
2022-01-05 10:46:00-05:00,92.6500015258789,92.6500015258789,92.61499786376953,92.61499786376953,92.61499786376953,9978.0
2022-01-05 10:47:00-05:00,92.61499786376953,92.62999725341797,92.61000061035156,92.62999725341797,92.62999725341797,9027.0
2022-01-05 10:48:00-05:00,92.62999725341797,92.63500213623047,92.62999725341797,92.62999725341797,92.62999725341797,6158.0
2022-01-05 10:49:00-05:00,92.63500213623047,92.63500213623047,92.625,92.625,92.625,28202.0
2022-01-05 10:50:00-05:00,92.625,92.63500213623047,92.62000274658203,92.63500213623047,92.63500213623047,2901.0
2022-01-05 10:51:00-05:00,92.62999725341797,92.63999938964844,92.61499786376953,92.63500213623047,92.63500213623047,9435.0
2022-01-05 10:52:00-05:00,92.63999938964844,92.6449966430664,92.63500213623047,92.63500213623047,92.63500213623047,2387.0
2022-01-05 10:53:00-05:00,92.63500213623047,92.63500213623047,92.62000274658203,92.625,92.625,7002.0
2022-01-05 10:54:00-05:00,92.62000274658203,92.62999725341797,92.62000274658203,92.62999725341797,92.62999725341797,7000.0
2022-01-05 10:55:00-05:00,92.62000274658203,92.62999725341797,92.61000061035156,92.62999725341797,92.62999725341797,14010.0
2022-01-05 10:56:00-05:00,92.63999938964844,92.63999938964844,92.625,92.63999938964844,92.63999938964844,11124.0
2022-01-05 10:57:00-05:00,92.63999938964844,92.63999938964844,92.62999725341797,92.62999725341797,92.62999725341797,3933.0
2022-01-05 10:58:00-05:00,92.62999725341797,92.63999938964844,92.62999725341797,92.62999725341797,92.62999725341797,7634.0
2022-01-05 10:59:00-05:00,92.62999725341797,92.63999938964844,92.625,92.63999938964844,92.63999938964844,12221.0
2022-01-05 11:00:00-05:00,92.63999938964844,92.6500015258789,92.63999938964844,92.6500015258789,92.6500015258789,4354.0
2022-01-05 11:01:00-05:00,92.6500015258789,92.66000366210938,92.62999725341797,92.63500213623047,92.63500213623047,9927.0
2022-01-05 11:02:00-05:00,92.6500015258789,92.6500015258789,92.625,92.63500213623047,92.63500213623047,8158.0
2022-01-05 11:03:00-05:00,92.63500213623047,92.63500213623047,92.625,92.625,92.625,4962.0
2022-01-05 11:04:00-05:00,92.625,92.63500213623047,92.625,92.62999725341797,92.62999725341797,3953.0
2022-01-05 11:06:00-05:00,92.62999725341797,92.62999725341797,92.62000274658203,92.62999725341797,92.62999725341797,30258.0
2022-01-05 11:07:00-05:00,92.62999725341797,92.62999725341797,92.62000274658203,92.62000274658203,92.62000274658203,8118.0
2022-01-05 11:08:00-05:00,92.62000274658203,92.63999938964844,92.61499786376953,92.63999938964844,92.63999938964844,9473.0
2022-01-05 11:09:00-05:00,92.63500213623047,92.65499877929688,92.63500213623047,92.65010070800781,92.65010070800781,5755.0
2022-01-05 11:10:00-05:00,92.6500015258789,92.6500015258789,92.63999938964844,92.63999938964844,92.63999938964844,3552.0
2022-01-05 11:11:00-05:00,92.63999938964844,92.6449966430664,92.63500213623047,92.63999938964844,92.63999938964844,4164.0
2022-01-05 11:12:00-05:00,92.63999938964844,92.63999938964844,92.625,92.62999725341797,92.62999725341797,7686.0
2022-01-05 11:13:00-05:00,92.62999725341797,92.63999938964844,92.62999725341797,92.63500213623047,92.63500213623047,4040.0
2022-01-05 11:14:00-05:00,92.63999938964844,92.6449966430664,92.63500213623047,92.63500213623047,92.63500213623047,5647.0
2022-01-05 11:15:00-05:00,92.63500213623047,92.63500213623047,92.625,92.62999725341797,92.62999725341797,8887.0
2022-01-05 11:16:00-05:00,92.63500213623047,92.63500213623047,92.62000274658203,92.63500213623047,92.63500213623047,8473.0
2022-01-05 11:17:00-05:00,92.62999725341797,92.6449966430664,92.625,92.6449966430664,92.6449966430664,8942.0
2022-01-05 11:18:00-05:00,92.6449966430664,92.6500015258789,92.64099884033203,92.64099884033203,92.64099884033203,4267.0
2022-01-05 11:19:00-05:00,92.6449966430664,92.66999816894531,92.63999938964844,92.65499877929688,92.65499877929688,17833.0
2022-01-05 11:20:00-05:00,92.66000366210938,92.66000366210938,92.5999984741211,92.6050033569336,92.6050033569336,73947.0
2022-01-05 11:21:00-05:00,92.61000061035156,92.61499786376953,92.58999633789062,92.59500122070312,92.59500122070312,13443.0
2022-01-05 11:22:00-05:00,92.59500122070312,92.5999984741211,92.56999969482422,92.57499694824219,92.57499694824219,37713.0
2022-01-05 11:23:00-05:00,92.57499694824219,92.58000183105469,92.56999969482422,92.57499694824219,92.57499694824219,2751.0
2022-01-05 11:24:00-05:00,92.57499694824219,92.57499694824219,92.51000213623047,92.52999877929688,92.52999877929688,43625.0
2022-01-05 11:25:00-05:00,92.52999877929688,92.54000091552734,92.52999877929688,92.53500366210938,92.53500366210938,14179.0
2022-01-05 11:26:00-05:00,92.53450012207031,92.54000091552734,92.52999877929688,92.54000091552734,92.54000091552734,5392.0
2022-01-05 11:27:00-05:00,92.53500366210938,92.54000091552734,92.5,92.5,92.5,57802.0
2022-01-05 11:28:00-05:00,92.5,92.51000213623047,92.5,92.50499725341797,92.50499725341797,24724.0
2022-01-05 11:29:00-05:00,92.50499725341797,92.5199966430664,92.50499725341797,92.51499938964844,92.51499938964844,7088.0
2022-01-05 11:30:00-05:00,92.51000213623047,92.5199966430664,92.5,92.5199966430664,92.5199966430664,18753.0
2022-01-05 11:31:00-05:00,92.52010345458984,92.52999877929688,92.51000213623047,92.51000213623047,92.51000213623047,17933.0
2022-01-05 11:32:00-05:00,92.51499938964844,92.5199966430664,92.51000213623047,92.5199966430664,92.5199966430664,19854.0
2022-01-05 11:33:00-05:00,92.51499938964844,92.5199966430664,92.51000213623047,92.5199966430664,92.5199966430664,20273.0
2022-01-05 11:34:00-05:00,92.5199966430664,92.55999755859375,92.51000213623047,92.55500030517578,92.55500030517578,31491.0
2022-01-05 11:35:00-05:00,92.55000305175781,92.55000305175781,92.5199966430664,92.52100372314453,92.52100372314453,85876.0
2022-01-05 11:36:00-05:00,92.5199966430664,92.55000305175781,92.5,92.55000305175781,92.55000305175781,66780.0
2022-01-05 11:37:00-05:00,92.54499816894531,92.55999755859375,92.54499816894531,92.55999755859375,92.55999755859375,8449.0
2022-01-05 11:38:00-05:00,92.55999755859375,92.55999755859375,92.54000091552734,92.55000305175781,92.55000305175781,3959.0
2022-01-05 11:39:00-05:00,92.54499816894531,92.55000305175781,92.54000091552734,92.54000091552734,92.54000091552734,3445.0
2022-01-05 11:40:00-05:00,92.54000091552734,92.54000091552734,92.5250015258789,92.52999877929688,92.52999877929688,20806.0
2022-01-05 11:41:00-05:00,92.52999877929688,92.56999969482422,92.52999877929688,92.56999969482422,92.56999969482422,98914.0
2022-01-05 11:42:00-05:00,92.57499694824219,92.57499694824219,92.55999755859375,92.56999969482422,92.56999969482422,6194.0
2022-01-05 11:43:00-05:00,92.56500244140625,92.59500122070312,92.56500244140625,92.57499694824219,92.57499694824219,7696.0
2022-01-05 11:44:00-05:00,92.58000183105469,92.6050033569336,92.58000183105469,92.58000183105469,92.58000183105469,4795.0
2022-01-05 11:45:00-05:00,92.56999969482422,92.56999969482422,92.55500030517578,92.55999755859375,92.55999755859375,3318.0
2022-01-05 11:46:00-05:00,92.55000305175781,92.55999755859375,92.54499816894531,92.55999755859375,92.55999755859375,5027.0
2022-01-05 11:47:00-05:00,92.55999755859375,92.55999755859375,92.54499816894531,92.55999755859375,92.55999755859375,4705.0
2022-01-05 11:48:00-05:00,92.55999755859375,92.56500244140625,92.55000305175781,92.56500244140625,92.56500244140625,25909.0
2022-01-05 11:49:00-05:00,92.56500244140625,92.59500122070312,92.56500244140625,92.58999633789062,92.58999633789062,7909.0
2022-01-05 11:50:00-05:00,92.58499908447266,92.58499908447266,92.58499908447266,92.58499908447266,92.58499908447266,394.0
2022-01-05 11:51:00-05:00,92.58000183105469,92.58000183105469,92.56999969482422,92.56999969482422,92.56999969482422,2932.0
2022-01-05 11:52:00-05:00,92.57499694824219,92.57499694824219,92.55999755859375,92.56500244140625,92.56500244140625,1953.0
2022-01-05 11:53:00-05:00,92.56999969482422,92.56999969482422,92.56089782714844,92.56089782714844,92.56089782714844,3608.0
2022-01-05 11:54:00-05:00,92.56999969482422,92.57499694824219,92.55999755859375,92.57499694824219,92.57499694824219,1639.0
2022-01-05 11:55:00-05:00,92.57499694824219,92.58999633789062,92.56999969482422,92.58499908447266,92.58499908447266,5151.0
2022-01-05 11:56:00-05:00,92.58999633789062,92.61180114746094,92.58999633789062,92.61180114746094,92.61180114746094,5926.0
2022-01-05 11:57:00-05:00,92.61499786376953,92.61499786376953,92.6050033569336,92.61499786376953,92.61499786376953,6601.0
2022-01-05 11:58:00-05:00,92.62000274658203,92.62000274658203,92.61000061035156,92.62000274658203,92.62000274658203,4143.0
2022-01-05 11:59:00-05:00,92.62000274658203,92.62000274658203,92.62000274658203,92.62000274658203,92.62000274658203,727.0
2022-01-05 12:00:00-05:00,92.62000274658203,92.63999938964844,92.62000274658203,92.63999938964844,92.63999938964844,4854.0
2022-01-05 12:01:00-05:00,92.63500213623047,92.6500015258789,92.63500213623047,92.6500015258789,92.6500015258789,2232.0
2022-01-05 12:02:00-05:00,92.6500015258789,92.67500305175781,92.6500015258789,92.65499877929688,92.65499877929688,4030.0
2022-01-05 12:03:00-05:00,92.66000366210938,92.68000030517578,92.66000366210938,92.68000030517578,92.68000030517578,3621.0
2022-01-05 12:04:00-05:00,92.68000030517578,92.69000244140625,92.66999816894531,92.68499755859375,92.68499755859375,3688.0
2022-01-05 12:05:00-05:00,92.68000030517578,92.69000244140625,92.67500305175781,92.69000244140625,92.69000244140625,5396.0
2022-01-05 12:06:00-05:00,92.68499755859375,92.69000244140625,92.68000030517578,92.6801986694336,92.6801986694336,4673.0
2022-01-05 12:07:00-05:00,92.68499755859375,92.71499633789062,92.6801986694336,92.69999694824219,92.69999694824219,6876.0
2022-01-05 12:08:00-05:00,92.69499969482422,92.70999908447266,92.69499969482422,92.70999908447266,92.70999908447266,5422.0
2022-01-05 12:09:00-05:00,92.69999694824219,92.7300033569336,92.69999694824219,92.7300033569336,92.7300033569336,10143.0
2022-01-05 12:10:00-05:00,92.72000122070312,92.72000122070312,92.72000122070312,92.72000122070312,92.72000122070312,4813.0
2022-01-05 12:11:00-05:00,92.72000122070312,92.73999786376953,92.72000122070312,92.73999786376953,92.73999786376953,2474.0
2022-01-05 12:12:00-05:00,92.75,92.7699966430664,92.73999786376953,92.75499725341797,92.75499725341797,9936.0
2022-01-05 12:13:00-05:00,92.76000213623047,92.77999877929688,92.7500991821289,92.77999877929688,92.77999877929688,22521.0
2022-01-05 12:14:00-05:00,92.7750015258789,92.79499816894531,92.7750015258789,92.78500366210938,92.78500366210938,7707.0
2022-01-05 12:15:00-05:00,92.78500366210938,92.78500366210938,92.7750015258789,92.78500366210938,92.78500366210938,2347.0
2022-01-05 12:16:00-05:00,92.79000091552734,92.79000091552734,92.77999877929688,92.77999877929688,92.77999877929688,2265.0
2022-01-05 12:17:00-05:00,92.79000091552734,92.80000305175781,92.78009796142578,92.79499816894531,92.79499816894531,4788.0
2022-01-05 12:18:00-05:00,92.80000305175781,92.83999633789062,92.79000091552734,92.83999633789062,92.83999633789062,23670.0
2022-01-05 12:19:00-05:00,92.82659912109375,92.9000015258789,92.82659912109375,92.9000015258789,92.9000015258789,12525.0
2022-01-05 12:20:00-05:00,92.9000015258789,92.93000030517578,92.8949966430664,92.93000030517578,92.93000030517578,9667.0
2022-01-05 12:21:00-05:00,92.93000030517578,92.94999694824219,92.8905029296875,92.91000366210938,92.91000366210938,9802.0
2022-01-05 12:22:00-05:00,92.91999816894531,92.93000030517578,92.91999816894531,92.91999816894531,92.91999816894531,2088.0
2022-01-05 12:23:00-05:00,92.93000030517578,92.93000030517578,92.91999816894531,92.92500305175781,92.92500305175781,4997.0
2022-01-05 12:24:00-05:00,92.91999816894531,92.91999816894531,92.87999725341797,92.87999725341797,92.87999725341797,3520.0
2022-01-05 12:25:00-05:00,92.875,92.87999725341797,92.86000061035156,92.87000274658203,92.87000274658203,9413.0
2022-01-05 12:26:00-05:00,92.86499786376953,92.9000015258789,92.86000061035156,92.86000061035156,92.86000061035156,5432.0
2022-01-05 12:27:00-05:00,92.87000274658203,92.87000274658203,92.86000061035156,92.87000274658203,92.87000274658203,2416.0
2022-01-05 12:28:00-05:00,92.87000274658203,92.87000274658203,92.83999633789062,92.84500122070312,92.84500122070312,3713.0
2022-01-05 12:29:00-05:00,92.83999633789062,92.86000061035156,92.82499694824219,92.8499984741211,92.8499984741211,5034.0
2022-01-05 12:30:00-05:00,92.86000061035156,92.86000061035156,92.83999633789062,92.83999633789062,92.83999633789062,5289.0
2022-01-05 12:31:00-05:00,92.8499984741211,92.8550033569336,92.8499984741211,92.8499984741211,92.8499984741211,3053.0
2022-01-05 12:32:00-05:00,92.83000183105469,92.83000183105469,92.81999969482422,92.83000183105469,92.83000183105469,6905.0
2022-01-05 12:33:00-05:00,92.83000183105469,92.83999633789062,92.81500244140625,92.81500244140625,92.81500244140625,4943.0
2022-01-05 12:34:00-05:00,92.83000183105469,92.83000183105469,92.80999755859375,92.80999755859375,92.80999755859375,6614.0
2022-01-05 12:35:00-05:00,92.80999755859375,92.81999969482422,92.80000305175781,92.80000305175781,92.80000305175781,5428.0
2022-01-05 12:37:00-05:00,92.79000091552734,92.80999755859375,92.78500366210938,92.80500030517578,92.80500030517578,12044.0
2022-01-05 12:38:00-05:00,92.80999755859375,92.81999969482422,92.80500030517578,92.81999969482422,92.81999969482422,2485.0
2022-01-05 12:39:00-05:00,92.83999633789062,92.83999633789062,92.83499908447266,92.83999633789062,92.83999633789062,3083.0
2022-01-05 12:41:00-05:00,92.80999755859375,92.81999969482422,92.80000305175781,92.80999755859375,92.80999755859375,14920.0
2022-01-05 12:42:00-05:00,92.81500244140625,92.83000183105469,92.81500244140625,92.83000183105469,92.83000183105469,5775.0
2022-01-05 12:43:00-05:00,92.83999633789062,92.8499984741211,92.83000183105469,92.83000183105469,92.83000183105469,4546.0
2022-01-05 12:45:00-05:00,92.86000061035156,92.87000274658203,92.8550033569336,92.8550033569336,92.8550033569336,13735.0
2022-01-05 12:46:00-05:00,92.8550033569336,92.8550033569336,92.83000183105469,92.83499908447266,92.83499908447266,2475.0
2022-01-05 12:47:00-05:00,92.83000183105469,92.83000183105469,92.81999969482422,92.81999969482422,92.81999969482422,2825.0
2022-01-05 12:48:00-05:00,92.83000183105469,92.83000183105469,92.80999755859375,92.83000183105469,92.83000183105469,2546.0
2022-01-05 12:49:00-05:00,92.83000183105469,92.83000183105469,92.83000183105469,92.83000183105469,92.83000183105469,215.0
2022-01-05 12:50:00-05:00,92.8499984741211,92.8499984741211,92.82499694824219,92.83000183105469,92.83000183105469,4796.0
2022-01-05 12:51:00-05:00,92.83000183105469,92.83000183105469,92.83000183105469,92.83000183105469,92.83000183105469,378.0
2022-01-05 12:52:00-05:00,92.83999633789062,92.86000061035156,92.83999633789062,92.8550033569336,92.8550033569336,4980.0
2022-01-05 12:58:00-05:00,92.80999755859375,92.83000183105469,92.80449676513672,92.81999969482422,92.81999969482422,35496.0
2022-01-05 12:59:00-05:00,92.80999755859375,92.81999969482422,92.80000305175781,92.81999969482422,92.81999969482422,5268.0
2022-01-05 13:01:00-05:00,92.79000091552734,92.80000305175781,92.79000091552734,92.79000091552734,92.79000091552734,6322.0
2022-01-05 13:02:00-05:00,92.77999877929688,92.77999877929688,92.7699966430664,92.7699966430664,92.7699966430664,2946.0
2022-01-05 13:03:00-05:00,92.73999786376953,92.75,92.70999908447266,92.70999908447266,92.70999908447266,18096.0
2022-01-05 13:04:00-05:00,92.72000122070312,92.73999786376953,92.69999694824219,92.69999694824219,92.69999694824219,9245.0
2022-01-05 13:05:00-05:00,92.70500183105469,92.70500183105469,92.66000366210938,92.66000366210938,92.66000366210938,12280.0
2022-01-05 13:06:00-05:00,92.66000366210938,92.66999816894531,92.66000366210938,92.66000366210938,92.66000366210938,8397.0
2022-01-05 13:07:00-05:00,92.66999816894531,92.68000030517578,92.66000366210938,92.67500305175781,92.67500305175781,12081.0
2022-01-05 13:08:00-05:00,92.67500305175781,92.69000244140625,92.66999816894531,92.69000244140625,92.69000244140625,27805.0
2022-01-05 13:09:00-05:00,92.69000244140625,92.73999786376953,92.69000244140625,92.73999786376953,92.73999786376953,6276.0
2022-01-05 13:10:00-05:00,92.75,92.75499725341797,92.75,92.75,92.75,2067.0
2022-01-05 13:11:00-05:00,92.75,92.7500991821289,92.72000122070312,92.7300033569336,92.7300033569336,3594.0
2022-01-05 13:12:00-05:00,92.7300033569336,92.73999786376953,92.7300033569336,92.73999786376953,92.73999786376953,977.0
2022-01-05 13:13:00-05:00,92.73999786376953,92.73999786376953,92.7300033569336,92.7300033569336,92.7300033569336,1390.0
2022-01-05 13:14:00-05:00,92.7300033569336,92.73999786376953,92.72000122070312,92.73999786376953,92.73999786376953,4190.0
2022-01-05 13:15:00-05:00,92.7300033569336,92.7300033569336,92.72000122070312,92.72000122070312,92.72000122070312,1651.0
2022-01-05 13:16:00-05:00,92.70999908447266,92.70999908447266,92.69999694824219,92.70999908447266,92.70999908447266,4564.0
2022-01-05 13:17:00-05:00,92.70999908447266,92.70999908447266,92.69499969482422,92.70999908447266,92.70999908447266,2920.0
2022-01-05 13:18:00-05:00,92.70999908447266,92.70999908447266,92.69999694824219,92.69999694824219,92.69999694824219,1366.0
2022-01-05 13:19:00-05:00,92.70500183105469,92.7249984741211,92.70500183105469,92.72000122070312,92.72000122070312,4608.0
2022-01-05 13:20:00-05:00,92.72000122070312,92.73999786376953,92.72000122070312,92.73999786376953,92.73999786376953,2539.0
2022-01-05 13:21:00-05:00,92.73999786376953,92.73999786376953,92.73999786376953,92.73999786376953,92.73999786376953,490.0
2022-01-05 13:22:00-05:00,92.7300033569336,92.73999786376953,92.7249984741211,92.73500061035156,92.73500061035156,1528.0
2022-01-05 13:23:00-05:00,92.73999786376953,92.7699966430664,92.73500061035156,92.76000213623047,92.76000213623047,3903.0
2022-01-05 13:24:00-05:00,92.76000213623047,92.7699966430664,92.73999786376953,92.73999786376953,92.73999786376953,2023.0
2022-01-05 13:25:00-05:00,92.7300033569336,92.73999786376953,92.7300033569336,92.73999786376953,92.73999786376953,3147.0
2022-01-05 13:26:00-05:00,92.73999786376953,92.74420166015625,92.73500061035156,92.73500061035156,92.73500061035156,1602.0
2022-01-05 13:27:00-05:00,92.73500061035156,92.73999786376953,92.72000122070312,92.7217025756836,92.7217025756836,4533.0
2022-01-05 13:28:00-05:00,92.72730255126953,92.7300033569336,92.72000122070312,92.72000122070312,92.72000122070312,1417.0
2022-01-05 13:29:00-05:00,92.70999908447266,92.70999908447266,92.69499969482422,92.69999694824219,92.69999694824219,6728.0
2022-01-05 13:30:00-05:00,92.69999694824219,92.70999908447266,92.69999694824219,92.70500183105469,92.70500183105469,1892.0
2022-01-05 13:31:00-05:00,92.69999694824219,92.70500183105469,92.69000244140625,92.69999694824219,92.69999694824219,6169.0
2022-01-05 13:32:00-05:00,92.69999694824219,92.73999786376953,92.69999694824219,92.7300033569336,92.7300033569336,5472.0
2022-01-05 13:33:00-05:00,92.73999786376953,92.73999786376953,92.73999786376953,92.73999786376953,92.73999786376953,807.0
2022-01-05 13:34:00-05:00,92.74500274658203,92.74500274658203,92.74500274658203,92.74500274658203,92.74500274658203,268.0
2022-01-05 13:35:00-05:00,92.75,92.75,92.73999786376953,92.73999786376953,92.73999786376953,6315.0
2022-01-05 13:37:00-05:00,92.76000213623047,92.76000213623047,92.76000213623047,92.76000213623047,92.76000213623047,3655.0
2022-01-05 13:38:00-05:00,92.73999786376953,92.75499725341797,92.73999786376953,92.75499725341797,92.75499725341797,2967.0
2022-01-05 13:39:00-05:00,92.76000213623047,92.76000213623047,92.75,92.75,92.75,1302.0
2022-01-05 13:40:00-05:00,92.73999786376953,92.73999786376953,92.73999786376953,92.73999786376953,92.73999786376953,100.0
2022-01-05 13:41:00-05:00,92.75,92.75499725341797,92.74500274658203,92.74500274658203,92.74500274658203,3409.0
2022-01-05 13:42:00-05:00,92.74500274658203,92.74500274658203,92.73500061035156,92.73500061035156,92.73500061035156,948.0
2022-01-05 13:43:00-05:00,92.7300033569336,92.7300033569336,92.69400024414062,92.71499633789062,92.71499633789062,12967.0
2022-01-05 13:44:00-05:00,92.72000122070312,92.72000122070312,92.69999694824219,92.69999694824219,92.69999694824219,7289.0
2022-01-05 13:45:00-05:00,92.70500183105469,92.70999908447266,92.70500183105469,92.70999908447266,92.70999908447266,619.0
2022-01-05 13:46:00-05:00,92.69999694824219,92.69999694824219,92.69499969482422,92.69999694824219,92.69999694824219,2084.0
2022-01-05 13:47:00-05:00,92.69999694824219,92.70999908447266,92.69999694824219,92.70999908447266,92.70999908447266,1041.0
2022-01-05 13:48:00-05:00,92.69999694824219,92.70999908447266,92.69999694824219,92.70999908447266,92.70999908447266,3465.0
2022-01-05 13:49:00-05:00,92.71499633789062,92.71499633789062,92.70999908447266,92.70999908447266,92.70999908447266,1540.0
2022-01-05 13:50:00-05:00,92.69999694824219,92.72000122070312,92.69999694824219,92.70999908447266,92.70999908447266,6097.0
2022-01-05 13:51:00-05:00,92.70999908447266,92.70999908447266,92.70999908447266,92.70999908447266,92.70999908447266,2139.0
2022-01-05 13:52:00-05:00,92.70999908447266,92.72000122070312,92.69999694824219,92.71499633789062,92.71499633789062,3254.0
2022-01-05 13:53:00-05:00,92.70999908447266,92.70999908447266,92.69999694824219,92.69999694824219,92.69999694824219,2129.0
2022-01-05 13:54:00-05:00,92.69999694824219,92.72000122070312,92.69999694824219,92.70999908447266,92.70999908447266,8123.0
2022-01-05 13:55:00-05:00,92.70999908447266,92.70999908447266,92.69999694824219,92.69999694824219,92.69999694824219,1496.0
2022-01-05 13:56:00-05:00,92.70500183105469,92.72000122070312,92.70500183105469,92.72000122070312,92.72000122070312,5447.0
2022-01-05 13:57:00-05:00,92.72000122070312,92.72000122070312,92.72000122070312,92.72000122070312,92.72000122070312,770.0
2022-01-05 13:58:00-05:00,92.72000122070312,92.72000122070312,92.71499633789062,92.71499633789062,92.71499633789062,1720.0
2022-01-05 13:59:00-05:00,92.71420288085938,92.76000213623047,92.71420288085938,92.73999786376953,92.73999786376953,7131.0
2022-01-05 14:00:00-05:00,92.73999786376953,92.73999786376953,92.70999908447266,92.72000122070312,92.72000122070312,1639.0
2022-01-05 14:01:00-05:00,92.72000122070312,92.72000122070312,92.69999694824219,92.69999694824219,92.69999694824219,5781.0
2022-01-05 14:02:00-05:00,92.70999908447266,92.73999786376953,92.69999694824219,92.69999694824219,92.69999694824219,8418.0
2022-01-05 14:03:00-05:00,92.69999694824219,92.72000122070312,92.68000030517578,92.69999694824219,92.69999694824219,16248.0
2022-01-05 14:04:00-05:00,92.69000244140625,92.72000122070312,92.69000244140625,92.71499633789062,92.71499633789062,12430.0
2022-01-05 14:05:00-05:00,92.72000122070312,92.77999877929688,92.68000030517578,92.69000244140625,92.69000244140625,7420.0
2022-01-05 14:06:00-05:00,92.69999694824219,92.69999694824219,92.66000366210938,92.66000366210938,92.66000366210938,14589.0
2022-01-05 14:07:00-05:00,92.66500091552734,92.66999816894531,92.6500015258789,92.66000366210938,92.66000366210938,6663.0
2022-01-05 14:08:00-05:00,92.66000366210938,92.68000030517578,92.6500015258789,92.66999816894531,92.66999816894531,10358.0
2022-01-05 14:09:00-05:00,92.66000366210938,92.66000366210938,92.6500015258789,92.66000366210938,92.66000366210938,21277.0
2022-01-05 14:10:00-05:00,92.65499877929688,92.66999816894531,92.6500015258789,92.6500015258789,92.6500015258789,8796.0
2022-01-05 14:11:00-05:00,92.6500015258789,92.66999816894531,92.6500015258789,92.65499877929688,92.65499877929688,11077.0
2022-01-05 14:12:00-05:00,92.6500015258789,92.65499877929688,92.63999938964844,92.64250183105469,92.64250183105469,9420.0
2022-01-05 14:13:00-05:00,92.6500015258789,92.66500091552734,92.6500015258789,92.66000366210938,92.66000366210938,5647.0
2022-01-05 14:14:00-05:00,92.66000366210938,92.68499755859375,92.6500015258789,92.68000030517578,92.68000030517578,5604.0
2022-01-05 14:15:00-05:00,92.68000030517578,92.68000030517578,92.66000366210938,92.68000030517578,92.68000030517578,3309.0
2022-01-05 14:16:00-05:00,92.69000244140625,92.69000244140625,92.6500015258789,92.66000366210938,92.66000366210938,2846.0
2022-01-05 14:17:00-05:00,92.65499877929688,92.66999816894531,92.65499877929688,92.65499877929688,92.65499877929688,543.0
2022-01-05 14:18:00-05:00,92.66999816894531,92.66999816894531,92.63999938964844,92.63999938964844,92.63999938964844,6845.0
2022-01-05 14:19:00-05:00,92.63999938964844,92.66999816894531,92.63999938964844,92.6500015258789,92.6500015258789,5865.0
2022-01-05 14:20:00-05:00,92.6500015258789,92.69000244140625,92.6500015258789,92.69000244140625,92.69000244140625,6367.0
2022-01-05 14:21:00-05:00,92.69000244140625,92.70999908447266,92.68000030517578,92.70500183105469,92.70500183105469,4442.0
2022-01-05 14:22:00-05:00,92.70500183105469,92.72000122070312,92.70500183105469,92.72000122070312,92.72000122070312,2469.0
2022-01-05 14:23:00-05:00,92.72000122070312,92.75499725341797,92.72000122070312,92.75,92.75,8873.0
2022-01-05 14:24:00-05:00,92.76000213623047,92.76499938964844,92.73500061035156,92.73999786376953,92.73999786376953,7039.0
2022-01-05 14:25:00-05:00,92.75,92.7699966430664,92.75,92.76909637451172,92.76909637451172,4952.0
2022-01-05 14:26:00-05:00,92.7699966430664,92.77999877929688,92.76000213623047,92.7699966430664,92.7699966430664,12304.0
2022-01-05 14:27:00-05:00,92.7699966430664,92.77999877929688,92.75,92.75,92.75,5846.0
2022-01-05 14:28:00-05:00,92.72000122070312,92.73999786376953,92.68000030517578,92.68499755859375,92.68499755859375,8896.0
2022-01-05 14:29:00-05:00,92.68000030517578,92.69999694824219,92.68000030517578,92.69499969482422,92.69499969482422,5245.0
2022-01-05 14:30:00-05:00,92.69000244140625,92.70999908447266,92.68000030517578,92.70999908447266,92.70999908447266,8711.0
2022-01-05 14:31:00-05:00,92.69999694824219,92.69999694824219,92.66999816894531,92.69000244140625,92.69000244140625,6913.0
2022-01-05 14:32:00-05:00,92.69290161132812,92.69290161132812,92.68000030517578,92.69000244140625,92.69000244140625,2312.0
2022-01-05 14:33:00-05:00,92.69999694824219,92.69999694824219,92.68000030517578,92.69000244140625,92.69000244140625,4526.0
2022-01-05 14:34:00-05:00,92.69000244140625,92.69999694824219,92.63999938964844,92.63999938964844,92.63999938964844,17883.0
2022-01-05 14:35:00-05:00,92.63999938964844,92.6500015258789,92.62999725341797,92.6500015258789,92.6500015258789,10429.0
2022-01-05 14:36:00-05:00,92.6500015258789,92.6500015258789,92.63999938964844,92.6500015258789,92.6500015258789,2073.0
2022-01-05 14:37:00-05:00,92.6449966430664,92.6500015258789,92.63999938964844,92.63999938964844,92.63999938964844,3990.0
2022-01-05 14:38:00-05:00,92.6500015258789,92.68000030517578,92.63999938964844,92.63999938964844,92.63999938964844,8499.0
2022-01-05 14:39:00-05:00,92.6500015258789,92.66000366210938,92.63999938964844,92.6500015258789,92.6500015258789,8833.0
2022-01-05 14:40:00-05:00,92.66000366210938,92.66000366210938,92.62999725341797,92.63999938964844,92.63999938964844,8490.0
2022-01-05 14:41:00-05:00,92.62999725341797,92.62999725341797,92.5999984741211,92.61499786376953,92.61499786376953,9225.0
2022-01-05 14:42:00-05:00,92.61499786376953,92.62000274658203,92.5999984741211,92.6050033569336,92.6050033569336,21180.0
2022-01-05 14:43:00-05:00,92.5999984741211,92.61000061035156,92.56999969482422,92.56999969482422,92.56999969482422,16726.0
2022-01-05 14:44:00-05:00,92.58000183105469,92.58000183105469,92.56999969482422,92.56999969482422,92.56999969482422,3969.0
2022-01-05 14:45:00-05:00,92.56999969482422,92.5790023803711,92.55999755859375,92.56500244140625,92.56500244140625,4271.0
2022-01-05 14:46:00-05:00,92.56500244140625,92.56999969482422,92.55000305175781,92.56999969482422,92.56999969482422,14029.0
2022-01-05 14:47:00-05:00,92.58000183105469,92.5999984741211,92.55999755859375,92.58999633789062,92.58999633789062,5708.0
2022-01-05 14:48:00-05:00,92.59249877929688,92.5999984741211,92.59120178222656,92.59500122070312,92.59500122070312,6470.0
2022-01-05 14:49:00-05:00,92.59500122070312,92.62000274658203,92.58999633789062,92.61000061035156,92.61000061035156,15048.0
2022-01-05 14:50:00-05:00,92.61000061035156,92.61000061035156,92.58000183105469,92.58999633789062,92.58999633789062,6063.0
2022-01-05 14:51:00-05:00,92.58999633789062,92.5999984741211,92.58999633789062,92.58999633789062,92.58999633789062,1227.0
2022-01-05 14:52:00-05:00,92.58000183105469,92.58000183105469,92.56999969482422,92.57499694824219,92.57499694824219,5772.0
2022-01-05 14:53:00-05:00,92.56999969482422,92.56999969482422,92.55000305175781,92.55999755859375,92.55999755859375,11956.0
2022-01-05 14:54:00-05:00,92.55999755859375,92.5999984741211,92.55999755859375,92.5999984741211,92.5999984741211,9287.0
2022-01-05 14:55:00-05:00,92.59500122070312,92.59500122070312,92.55999755859375,92.56999969482422,92.56999969482422,13276.0
2022-01-05 14:56:00-05:00,92.56999969482422,92.56999969482422,92.55999755859375,92.55999755859375,92.55999755859375,3392.0
2022-01-05 14:57:00-05:00,92.55000305175781,92.55500030517578,92.5199966430664,92.52999877929688,92.52999877929688,13031.0
2022-01-05 14:58:00-05:00,92.55000305175781,92.55999755859375,92.54010009765625,92.54499816894531,92.54499816894531,5360.0
2022-01-05 14:59:00-05:00,92.54000091552734,92.55999755859375,92.54000091552734,92.55999755859375,92.55999755859375,2422.0
2022-01-05 15:00:00-05:00,92.55500030517578,92.55999755859375,92.54000091552734,92.54000091552734,92.54000091552734,9675.0
2022-01-05 15:01:00-05:00,92.54000091552734,92.55000305175781,92.53500366210938,92.55000305175781,92.55000305175781,12519.0
2022-01-05 15:02:00-05:00,92.54000091552734,92.58000183105469,92.54000091552734,92.58000183105469,92.58000183105469,7222.0
2022-01-05 15:03:00-05:00,92.58000183105469,92.5999984741211,92.57499694824219,92.5999984741211,92.5999984741211,7700.0
2022-01-05 15:04:00-05:00,92.59500122070312,92.61000061035156,92.58000183105469,92.61000061035156,92.61000061035156,10759.0
2022-01-05 15:05:00-05:00,92.61000061035156,92.62000274658203,92.5999984741211,92.5999984741211,92.5999984741211,10925.0
2022-01-05 15:06:00-05:00,92.6050033569336,92.63999938964844,92.59500122070312,92.5999984741211,92.5999984741211,24094.0
2022-01-05 15:07:00-05:00,92.5999984741211,92.5999984741211,92.58000183105469,92.58000183105469,92.58000183105469,10174.0
2022-01-05 15:08:00-05:00,92.58000183105469,92.6050033569336,92.57499694824219,92.58499908447266,92.58499908447266,6042.0
2022-01-05 15:09:00-05:00,92.58000183105469,92.61499786376953,92.58000183105469,92.59500122070312,92.59500122070312,17971.0
2022-01-05 15:10:00-05:00,92.59500122070312,92.61499786376953,92.59500122070312,92.5999984741211,92.5999984741211,5992.0
2022-01-05 15:11:00-05:00,92.6050033569336,92.6050033569336,92.59500122070312,92.6050033569336,92.6050033569336,10933.0
2022-01-05 15:12:00-05:00,92.60900115966797,92.61000061035156,92.59500122070312,92.61000061035156,92.61000061035156,9863.0
2022-01-05 15:13:00-05:00,92.61000061035156,92.62000274658203,92.61000061035156,92.61499786376953,92.61499786376953,3431.0
2022-01-05 15:14:00-05:00,92.61499786376953,92.62590026855469,92.58000183105469,92.62000274658203,92.62000274658203,15887.0
2022-01-05 15:15:00-05:00,92.62000274658203,92.62000274658203,92.5999984741211,92.61669921875,92.61669921875,6601.0
2022-01-05 15:16:00-05:00,92.61000061035156,92.62999725341797,92.58000183105469,92.58499908447266,92.58499908447266,12052.0
2022-01-05 15:17:00-05:00,92.58999633789062,92.62000274658203,92.58999633789062,92.59500122070312,92.59500122070312,9310.0
2022-01-05 15:18:00-05:00,92.58000183105469,92.58000183105469,92.56999969482422,92.58000183105469,92.58000183105469,2825.0
2022-01-05 15:19:00-05:00,92.56999969482422,92.58000183105469,92.56500244140625,92.57499694824219,92.57499694824219,5287.0
2022-01-05 15:20:00-05:00,92.57499694824219,92.58000183105469,92.55999755859375,92.55999755859375,92.55999755859375,8125.0
2022-01-05 15:21:00-05:00,92.56999969482422,92.61499786376953,92.56999969482422,92.58999633789062,92.58999633789062,14647.0
2022-01-05 15:22:00-05:00,92.58000183105469,92.5999984741211,92.56999969482422,92.58999633789062,92.58999633789062,6823.0
2022-01-05 15:23:00-05:00,92.58000183105469,92.5999984741211,92.56500244140625,92.56999969482422,92.56999969482422,5666.0
2022-01-05 15:24:00-05:00,92.56500244140625,92.58000183105469,92.55999755859375,92.55999755859375,92.55999755859375,6324.0
2022-01-05 15:25:00-05:00,92.56999969482422,92.58000183105469,92.56500244140625,92.57499694824219,92.57499694824219,3968.0
2022-01-05 15:26:00-05:00,92.58000183105469,92.5999984741211,92.57499694824219,92.58000183105469,92.58000183105469,7447.0
2022-01-05 15:27:00-05:00,92.58000183105469,92.58000183105469,92.55899810791016,92.57499694824219,92.57499694824219,43202.0
2022-01-05 15:28:00-05:00,92.57499694824219,92.61000061035156,92.57499694824219,92.58000183105469,92.58000183105469,6356.0
2022-01-05 15:29:00-05:00,92.58000183105469,92.58999633789062,92.56999969482422,92.56999969482422,92.56999969482422,11542.0
2022-01-05 15:30:00-05:00,92.55999755859375,92.56999969482422,92.55500030517578,92.55999755859375,92.55999755859375,13401.0
2022-01-05 15:31:00-05:00,92.55999755859375,92.56999969482422,92.55000305175781,92.56500244140625,92.56500244140625,14344.0
2022-01-05 15:32:00-05:00,92.56999969482422,92.56999969482422,92.55000305175781,92.55500030517578,92.55500030517578,8790.0
2022-01-05 15:33:00-05:00,92.55500030517578,92.56999969482422,92.55000305175781,92.55999755859375,92.55999755859375,16744.0
2022-01-05 15:34:00-05:00,92.55999755859375,92.55999755859375,92.55000305175781,92.55999755859375,92.55999755859375,4783.0
2022-01-05 15:35:00-05:00,92.55000305175781,92.55999755859375,92.55000305175781,92.55000305175781,92.55000305175781,25585.0
2022-01-05 15:36:00-05:00,92.55000305175781,92.55999755859375,92.55000305175781,92.55000305175781,92.55000305175781,12508.0
2022-01-05 15:37:00-05:00,92.55999755859375,92.55999755859375,92.51000213623047,92.51499938964844,92.51499938964844,23501.0
2022-01-05 15:38:00-05:00,92.5199966430664,92.54000091552734,92.51499938964844,92.54000091552734,92.54000091552734,14653.0
2022-01-05 15:39:00-05:00,92.54000091552734,92.56900024414062,92.52999877929688,92.55000305175781,92.55000305175781,22492.0
2022-01-05 15:40:00-05:00,92.55999755859375,92.57499694824219,92.54000091552734,92.54000091552734,92.54000091552734,11746.0
2022-01-05 15:41:00-05:00,92.54000091552734,92.55000305175781,92.54000091552734,92.54000091552734,92.54000091552734,12040.0
2022-01-05 15:42:00-05:00,92.54499816894531,92.56999969482422,92.54000091552734,92.56999969482422,92.56999969482422,14729.0
2022-01-05 15:43:00-05:00,92.57499694824219,92.63999938964844,92.56999969482422,92.62999725341797,92.62999725341797,21816.0
2022-01-05 15:44:00-05:00,92.62999725341797,92.6500015258789,92.62000274658203,92.6500015258789,92.6500015258789,10200.0
2022-01-05 15:45:00-05:00,92.6500015258789,92.6500015258789,92.61000061035156,92.61299896240234,92.61299896240234,27517.0
2022-01-05 15:46:00-05:00,92.61000061035156,92.6500015258789,92.61000061035156,92.61499786376953,92.61499786376953,26376.0
2022-01-05 15:47:00-05:00,92.5999984741211,92.625,92.58000183105469,92.61499786376953,92.61499786376953,28160.0
2022-01-05 15:48:00-05:00,92.61499786376953,92.61499786376953,92.58000183105469,92.58999633789062,92.58999633789062,22171.0
2022-01-05 15:49:00-05:00,92.58499908447266,92.58999633789062,92.56500244140625,92.56500244140625,92.56500244140625,15010.0
2022-01-05 15:50:00-05:00,92.55999755859375,92.68000030517578,92.55999755859375,92.65499877929688,92.65499877929688,50092.0
2022-01-05 15:51:00-05:00,92.66000366210938,92.69999694824219,92.62999725341797,92.62999725341797,92.62999725341797,31825.0
2022-01-05 15:52:00-05:00,92.6500015258789,92.6500015258789,92.5999984741211,92.61000061035156,92.61000061035156,36668.0
2022-01-05 15:53:00-05:00,92.61000061035156,92.63999938964844,92.61000061035156,92.63999938964844,92.63999938964844,24392.0
2022-01-05 15:54:00-05:00,92.63999938964844,92.66999816894531,92.62000274658203,92.66000366210938,92.66000366210938,34334.0
2022-01-05 15:55:00-05:00,92.6500015258789,92.6500015258789,92.44000244140625,92.55500030517578,92.55500030517578,121326.0
2022-01-05 15:56:00-05:00,92.55500030517578,92.56999969482422,92.5199966430664,92.56999969482422,92.56999969482422,64878.0
2022-01-05 15:57:00-05:00,92.56999969482422,92.61000061035156,92.54000091552734,92.58999633789062,92.58999633789062,49892.0
2022-01-05 15:58:00-05:00,92.58499908447266,92.6500015258789,92.58000183105469,92.61000061035156,92.61000061035156,39151.0
2022-01-05 15:59:00-05:00,92.6050033569336,92.66000366210938,92.55000305175781,92.55999755859375,92.55999755859375,96788.0
2022-01-06 09:30:00-05:00,92.55000305175781,92.68000030517578,92.5,92.61000061035156,92.61000061035156,234281.0
2022-01-06 09:31:00-05:00,92.5999984741211,92.66000366210938,92.52999877929688,92.55000305175781,92.55000305175781,10777.0
2022-01-06 09:32:00-05:00,92.56999969482422,92.56999969482422,92.5199966430664,92.5199966430664,92.5199966430664,13972.0
2022-01-06 09:33:00-05:00,92.54000091552734,92.58000183105469,92.51000213623047,92.52999877929688,92.52999877929688,54028.0
2022-01-06 09:34:00-05:00,92.54000091552734,92.56999969482422,92.54000091552734,92.55999755859375,92.55999755859375,7637.0
2022-01-06 09:35:00-05:00,92.54499816894531,92.55000305175781,92.51000213623047,92.51000213623047,92.51000213623047,16839.0
2022-01-06 09:36:00-05:00,92.5199966430664,92.52999877929688,92.51000213623047,92.51000213623047,92.51000213623047,56057.0
2022-01-06 09:37:00-05:00,92.5,92.55000305175781,92.5,92.55000305175781,92.55000305175781,43334.0
2022-01-06 09:38:00-05:00,92.54000091552734,92.55000305175781,92.5199966430664,92.52999877929688,92.52999877929688,7834.0
2022-01-06 09:39:00-05:00,92.55500030517578,92.58000183105469,92.55500030517578,92.58000183105469,92.58000183105469,16866.0
2022-01-06 09:40:00-05:00,92.56500244140625,92.56500244140625,92.5199966430664,92.54000091552734,92.54000091552734,11306.0
2022-01-06 09:41:00-05:00,92.52999877929688,92.52999877929688,92.45999908447266,92.51000213623047,92.51000213623047,41031.0
2022-01-06 09:42:00-05:00,92.5,92.53500366210938,92.49500274658203,92.52999877929688,92.52999877929688,14155.0
2022-01-06 09:43:00-05:00,92.52999877929688,92.52999877929688,92.51000213623047,92.51000213623047,92.51000213623047,7623.0
2022-01-06 09:44:00-05:00,92.51499938964844,92.52999877929688,92.51000213623047,92.51499938964844,92.51499938964844,8687.0
2022-01-06 09:45:00-05:00,92.5,92.58499908447266,92.5,92.58499908447266,92.58499908447266,36903.0
2022-01-06 09:46:00-05:00,92.58499908447266,92.58999633789062,92.54000091552734,92.54989624023438,92.54989624023438,12323.0
2022-01-06 09:47:00-05:00,92.52999877929688,92.55000305175781,92.52999877929688,92.54000091552734,92.54000091552734,4651.0
2022-01-06 09:48:00-05:00,92.55000305175781,92.55999755859375,92.55000305175781,92.55000305175781,92.55000305175781,1539.0
2022-01-06 09:49:00-05:00,92.56999969482422,92.5999984741211,92.55999755859375,92.58999633789062,92.58999633789062,11810.0
2022-01-06 09:50:00-05:00,92.58999633789062,92.65249633789062,92.58999633789062,92.6500015258789,92.6500015258789,14565.0
2022-01-06 09:51:00-05:00,92.63999938964844,92.63999938964844,92.55000305175781,92.55000305175781,92.55000305175781,9029.0
2022-01-06 09:52:00-05:00,92.52999877929688,92.54000091552734,92.52999877929688,92.54000091552734,92.54000091552734,31742.0
2022-01-06 09:53:00-05:00,92.54499816894531,92.55999755859375,92.51000213623047,92.5199966430664,92.5199966430664,23258.0
2022-01-06 09:54:00-05:00,92.51000213623047,92.52999877929688,92.51000213623047,92.52999877929688,92.52999877929688,10563.0
2022-01-06 09:55:00-05:00,92.52999877929688,92.54000091552734,92.52999877929688,92.54000091552734,92.54000091552734,7861.0
2022-01-06 09:56:00-05:00,92.54000091552734,92.55999755859375,92.54000091552734,92.55000305175781,92.55000305175781,6342.0
2022-01-06 09:57:00-05:00,92.5199966430664,92.54499816894531,92.5199966430664,92.54000091552734,92.54000091552734,13983.0
2022-01-06 09:58:00-05:00,92.48500061035156,92.48999786376953,92.47000122070312,92.4749984741211,92.4749984741211,47569.0
2022-01-06 09:59:00-05:00,92.47000122070312,92.4800033569336,92.45999908447266,92.45999908447266,92.45999908447266,26912.0
2022-01-06 10:00:00-05:00,92.44999694824219,92.4800033569336,92.44999694824219,92.45500183105469,92.45500183105469,14561.0
2022-01-06 10:01:00-05:00,92.49500274658203,92.5,92.48359680175781,92.49500274658203,92.49500274658203,29980.0
2022-01-06 10:02:00-05:00,92.48999786376953,92.51000213623047,92.48999786376953,92.51000213623047,92.51000213623047,22351.0
2022-01-06 10:03:00-05:00,92.51000213623047,92.52999877929688,92.51000213623047,92.5199966430664,92.5199966430664,17806.0
2022-01-06 10:04:00-05:00,92.5199966430664,92.54000091552734,92.51000213623047,92.52999877929688,92.52999877929688,17221.0
2022-01-06 10:05:00-05:00,92.52999877929688,92.55999755859375,92.52200317382812,92.54000091552734,92.54000091552734,17803.0
2022-01-06 10:06:00-05:00,92.52999877929688,92.55999755859375,92.52100372314453,92.55999755859375,92.55999755859375,9436.0
2022-01-06 10:07:00-05:00,92.56500244140625,92.56999969482422,92.5199966430664,92.52999877929688,92.52999877929688,13351.0
2022-01-06 10:08:00-05:00,92.52999877929688,92.54000091552734,92.5199966430664,92.5199966430664,92.5199966430664,4536.0
2022-01-06 10:09:00-05:00,92.52999877929688,92.52999877929688,92.5,92.51000213623047,92.51000213623047,9484.0
2022-01-06 10:10:00-05:00,92.51000213623047,92.54000091552734,92.51000213623047,92.53500366210938,92.53500366210938,6775.0
2022-01-06 10:11:00-05:00,92.54000091552734,92.54000091552734,92.5199966430664,92.5199966430664,92.5199966430664,6167.0
2022-01-06 10:12:00-05:00,92.5199966430664,92.55000305175781,92.5199966430664,92.55000305175781,92.55000305175781,4764.0
2022-01-06 10:13:00-05:00,92.55000305175781,92.56500244140625,92.54000091552734,92.54000091552734,92.54000091552734,9144.0
2022-01-06 10:14:00-05:00,92.54000091552734,92.55000305175781,92.4800033569336,92.48999786376953,92.48999786376953,54526.0
2022-01-06 10:15:00-05:00,92.5,92.51000213623047,92.48999786376953,92.51000213623047,92.51000213623047,23411.0
2022-01-06 10:16:00-05:00,92.5,92.5199966430664,92.49500274658203,92.51000213623047,92.51000213623047,6485.0
2022-01-06 10:17:00-05:00,92.50499725341797,92.51499938964844,92.48999786376953,92.51499938964844,92.51499938964844,7436.0
2022-01-06 10:18:00-05:00,92.51000213623047,92.51499938964844,92.49500274658203,92.51000213623047,92.51000213623047,8764.0
2022-01-06 10:19:00-05:00,92.5199966430664,92.52999877929688,92.5199966430664,92.5199966430664,92.5199966430664,4906.0
2022-01-06 10:20:00-05:00,92.5199966430664,92.53500366210938,92.51499938964844,92.5250015258789,92.5250015258789,9794.0
2022-01-06 10:21:00-05:00,92.5250015258789,92.52999877929688,92.51000213623047,92.52999877929688,92.52999877929688,5607.0
2022-01-06 10:22:00-05:00,92.52999877929688,92.55000305175781,92.5250015258789,92.5250015258789,92.5250015258789,8784.0
2022-01-06 10:23:00-05:00,92.5199966430664,92.52999877929688,92.51499938964844,92.5199966430664,92.5199966430664,2642.0
2022-01-06 10:24:00-05:00,92.5250015258789,92.5250015258789,92.51000213623047,92.51499938964844,92.51499938964844,14009.0
2022-01-06 10:25:00-05:00,92.51000213623047,92.54000091552734,92.5,92.54000091552734,92.54000091552734,21317.0
2022-01-06 10:26:00-05:00,92.53500366210938,92.53500366210938,92.5199966430664,92.5250015258789,92.5250015258789,2581.0
2022-01-06 10:27:00-05:00,92.5199966430664,92.54000091552734,92.51000213623047,92.53500366210938,92.53500366210938,8676.0
2022-01-06 10:28:00-05:00,92.53500366210938,92.55999755859375,92.53500366210938,92.55500030517578,92.55500030517578,13698.0
2022-01-06 10:29:00-05:00,92.55500030517578,92.55500030517578,92.52999877929688,92.52999877929688,92.52999877929688,4972.0
2022-01-06 10:30:00-05:00,92.52999877929688,92.55500030517578,92.52999877929688,92.54499816894531,92.54499816894531,5117.0
2022-01-06 10:31:00-05:00,92.55000305175781,92.5999984741211,92.55000305175781,92.59500122070312,92.59500122070312,7531.0
2022-01-06 10:32:00-05:00,92.59500122070312,92.59500122070312,92.55000305175781,92.56500244140625,92.56500244140625,4366.0
2022-01-06 10:33:00-05:00,92.55000305175781,92.55999755859375,92.55000305175781,92.55999755859375,92.55999755859375,1301.0
2022-01-06 10:34:00-05:00,92.55000305175781,92.57499694824219,92.55000305175781,92.57499694824219,92.57499694824219,3189.0
2022-01-06 10:35:00-05:00,92.55999755859375,92.55999755859375,92.54000091552734,92.55500030517578,92.55500030517578,15283.0
2022-01-06 10:36:00-05:00,92.55000305175781,92.58000183105469,92.55000305175781,92.57499694824219,92.57499694824219,6855.0
2022-01-06 10:37:00-05:00,92.56999969482422,92.58999633789062,92.56999969482422,92.58000183105469,92.58000183105469,2802.0
2022-01-06 10:38:00-05:00,92.58000183105469,92.58000183105469,92.55000305175781,92.56999969482422,92.56999969482422,2591.0
2022-01-06 10:39:00-05:00,92.58000183105469,92.58999633789062,92.55000305175781,92.55999755859375,92.55999755859375,2521.0
2022-01-06 10:40:00-05:00,92.55999755859375,92.58000183105469,92.54000091552734,92.54000091552734,92.54000091552734,6477.0
2022-01-06 10:41:00-05:00,92.55000305175781,92.55000305175781,92.52999877929688,92.54000091552734,92.54000091552734,8772.0
2022-01-06 10:42:00-05:00,92.55000305175781,92.55000305175781,92.52999877929688,92.52999877929688,92.52999877929688,3879.0
2022-01-06 10:43:00-05:00,92.53500366210938,92.55000305175781,92.52999877929688,92.54000091552734,92.54000091552734,12204.0
2022-01-06 10:44:00-05:00,92.54000091552734,92.54000091552734,92.5199966430664,92.5199966430664,92.5199966430664,18927.0
2022-01-06 10:45:00-05:00,92.5199966430664,92.54000091552734,92.51000213623047,92.52999877929688,92.52999877929688,12504.0
2022-01-06 10:46:00-05:00,92.54000091552734,92.54000091552734,92.5199966430664,92.52999877929688,92.52999877929688,3790.0
2022-01-06 10:47:00-05:00,92.53500366210938,92.55000305175781,92.52999877929688,92.54499816894531,92.54499816894531,15147.0
2022-01-06 10:48:00-05:00,92.54000091552734,92.54499816894531,92.52999877929688,92.52999877929688,92.52999877929688,8029.0
2022-01-06 10:49:00-05:00,92.52999877929688,92.54000091552734,92.52999877929688,92.54000091552734,92.54000091552734,2444.0
2022-01-06 10:50:00-05:00,92.54000091552734,92.54000091552734,92.5,92.51499938964844,92.51499938964844,55796.0
2022-01-06 10:51:00-05:00,92.51499938964844,92.5199966430664,92.51000213623047,92.51499938964844,92.51499938964844,13015.0
2022-01-06 10:52:00-05:00,92.5199966430664,92.5199966430664,92.5,92.50499725341797,92.50499725341797,18165.0
2022-01-06 10:53:00-05:00,92.50499725341797,92.51499938964844,92.50499725341797,92.51499938964844,92.51499938964844,3402.0
2022-01-06 10:54:00-05:00,92.5199966430664,92.5250015258789,92.51010131835938,92.51010131835938,92.51010131835938,6849.0
2022-01-06 10:55:00-05:00,92.51499938964844,92.51499938964844,92.50499725341797,92.51499938964844,92.51499938964844,6794.0
2022-01-06 10:56:00-05:00,92.51499938964844,92.52999877929688,92.51000213623047,92.5250015258789,92.5250015258789,30489.0
2022-01-06 10:57:00-05:00,92.5199966430664,92.5199966430664,92.5,92.5199966430664,92.5199966430664,33250.0
2022-01-06 10:58:00-05:00,92.52999877929688,92.52999877929688,92.51000213623047,92.51000213623047,92.51000213623047,11232.0
2022-01-06 10:59:00-05:00,92.51000213623047,92.51000213623047,92.45999908447266,92.47000122070312,92.47000122070312,48510.0
2022-01-06 11:00:00-05:00,92.47000122070312,92.4749984741211,92.46499633789062,92.47000122070312,92.47000122070312,2753.0
2022-01-06 11:01:00-05:00,92.45999908447266,92.47000122070312,92.45999908447266,92.47000122070312,92.47000122070312,18113.0
2022-01-06 11:02:00-05:00,92.46499633789062,92.48999786376953,92.46499633789062,92.4800033569336,92.4800033569336,7931.0
2022-01-06 11:03:00-05:00,92.4749984741211,92.4800033569336,92.46499633789062,92.4749984741211,92.4749984741211,5950.0
2022-01-06 11:04:00-05:00,92.4800033569336,92.48999786376953,92.47000122070312,92.47000122070312,92.47000122070312,5208.0
2022-01-06 11:05:00-05:00,92.47000122070312,92.4800033569336,92.45999908447266,92.47000122070312,92.47000122070312,7166.0
2022-01-06 11:06:00-05:00,92.46499633789062,92.48500061035156,92.46499633789062,92.4800033569336,92.4800033569336,9052.0
2022-01-06 11:07:00-05:00,92.48500061035156,92.49500274658203,92.4800033569336,92.48999786376953,92.48999786376953,16085.0
2022-01-06 11:08:00-05:00,92.48500061035156,92.48999786376953,92.4749984741211,92.4800033569336,92.4800033569336,4792.0
2022-01-06 11:09:00-05:00,92.4800033569336,92.5,92.4800033569336,92.49500274658203,92.49500274658203,4094.0
2022-01-06 11:10:00-05:00,92.49500274658203,92.5,92.48500061035156,92.48500061035156,92.48500061035156,6098.0
2022-01-06 11:11:00-05:00,92.4800033569336,92.49500274658203,92.46499633789062,92.4800033569336,92.4800033569336,43112.0
2022-01-06 11:12:00-05:00,92.47000122070312,92.47029876708984,92.45999908447266,92.46499633789062,92.46499633789062,12084.0
2022-01-06 11:13:00-05:00,92.45999908447266,92.45999908447266,92.44999694824219,92.44999694824219,92.44999694824219,13235.0
2022-01-06 11:14:00-05:00,92.45500183105469,92.46499633789062,92.44000244140625,92.44000244140625,92.44000244140625,40682.0
2022-01-06 11:15:00-05:00,92.44000244140625,92.45999908447266,92.43000030517578,92.43000030517578,92.43000030517578,17428.0
2022-01-06 11:16:00-05:00,92.43499755859375,92.45500183105469,92.41999816894531,92.44999694824219,92.44999694824219,17934.0
2022-01-06 11:17:00-05:00,92.45500183105469,92.45500183105469,92.44999694824219,92.45500183105469,92.45500183105469,5487.0
2022-01-06 11:18:00-05:00,92.45500183105469,92.45500183105469,92.44000244140625,92.44999694824219,92.44999694824219,8651.0
2022-01-06 11:19:00-05:00,92.44000244140625,92.47000122070312,92.44000244140625,92.46499633789062,92.46499633789062,7458.0
2022-01-06 11:20:00-05:00,92.46499633789062,92.4800033569336,92.45999908447266,92.4749984741211,92.4749984741211,9858.0
2022-01-06 11:21:00-05:00,92.4749984741211,92.4800033569336,92.4749984741211,92.4800033569336,92.4800033569336,4024.0
2022-01-06 11:22:00-05:00,92.48169708251953,92.48999786376953,92.4800033569336,92.48999786376953,92.48999786376953,10829.0
2022-01-06 11:23:00-05:00,92.49500274658203,92.5,92.49500274658203,92.49500274658203,92.49500274658203,2262.0
2022-01-06 11:24:00-05:00,92.5,92.51000213623047,92.49729919433594,92.50499725341797,92.50499725341797,10043.0
2022-01-06 11:25:00-05:00,92.51000213623047,92.51000213623047,92.4749984741211,92.4749984741211,92.4749984741211,9614.0
2022-01-06 11:26:00-05:00,92.47000122070312,92.4800033569336,92.47000122070312,92.4800033569336,92.4800033569336,5721.0
2022-01-06 11:27:00-05:00,92.4800033569336,92.5,92.4800033569336,92.48999786376953,92.48999786376953,4452.0
2022-01-06 11:28:00-05:00,92.5,92.5,92.45999908447266,92.45999908447266,92.45999908447266,6454.0
2022-01-06 11:29:00-05:00,92.45999908447266,92.47000122070312,92.45500183105469,92.45999908447266,92.45999908447266,5275.0
2022-01-06 11:30:00-05:00,92.45999908447266,92.45999908447266,92.45999908447266,92.45999908447266,92.45999908447266,1904.0
2022-01-06 11:31:00-05:00,92.46499633789062,92.47000122070312,92.45999908447266,92.45999908447266,92.45999908447266,5061.0
2022-01-06 11:32:00-05:00,92.45010375976562,92.47000122070312,92.45010375976562,92.47000122070312,92.47000122070312,8437.0
2022-01-06 11:33:00-05:00,92.4800033569336,92.48999786376953,92.47000122070312,92.47000122070312,92.47000122070312,8469.0
2022-01-06 11:34:00-05:00,92.4749984741211,92.4800033569336,92.47000122070312,92.47000122070312,92.47000122070312,1607.0
2022-01-06 11:35:00-05:00,92.4749984741211,92.4749984741211,92.47000122070312,92.47000122070312,92.47000122070312,3752.0
2022-01-06 11:36:00-05:00,92.4749984741211,92.4749984741211,92.46499633789062,92.47000122070312,92.47000122070312,5137.0
2022-01-06 11:37:00-05:00,92.47000122070312,92.4800033569336,92.47000122070312,92.4800033569336,92.4800033569336,5972.0
2022-01-06 11:38:00-05:00,92.48500061035156,92.48999786376953,92.45999908447266,92.46499633789062,92.46499633789062,11133.0
2022-01-06 11:39:00-05:00,92.46499633789062,92.4800033569336,92.46499633789062,92.47000122070312,92.47000122070312,3553.0
2022-01-06 11:40:00-05:00,92.4749984741211,92.49500274658203,92.4749984741211,92.49500274658203,92.49500274658203,13129.0
2022-01-06 11:41:00-05:00,92.49500274658203,92.51000213623047,92.48500061035156,92.51000213623047,92.51000213623047,18241.0
2022-01-06 11:42:00-05:00,92.51000213623047,92.51499938964844,92.48500061035156,92.48999786376953,92.48999786376953,9468.0
2022-01-06 11:43:00-05:00,92.5,92.51000213623047,92.48500061035156,92.51000213623047,92.51000213623047,21885.0
2022-01-06 11:44:00-05:00,92.50499725341797,92.5199966430664,92.50499725341797,92.51499938964844,92.51499938964844,13923.0
2022-01-06 11:45:00-05:00,92.51499938964844,92.5199966430664,92.5,92.5,92.5,3462.0
2022-01-06 11:46:00-05:00,92.50499725341797,92.5199966430664,92.5,92.5199966430664,92.5199966430664,7190.0
2022-01-06 11:47:00-05:00,92.5199966430664,92.5199966430664,92.50499725341797,92.51000213623047,92.51000213623047,4252.0
2022-01-06 11:48:00-05:00,92.5,92.50499725341797,92.48999786376953,92.48999786376953,92.48999786376953,3756.0
2022-01-06 11:49:00-05:00,92.48999786376953,92.51840209960938,92.48500061035156,92.51840209960938,92.51840209960938,8270.0
2022-01-06 11:50:00-05:00,92.5199966430664,92.52999877929688,92.5199966430664,92.52999877929688,92.52999877929688,3323.0
2022-01-06 11:51:00-05:00,92.54000091552734,92.55000305175781,92.52999877929688,92.54019927978516,92.54019927978516,3439.0
2022-01-06 11:52:00-05:00,92.55000305175781,92.55000305175781,92.53500366210938,92.54000091552734,92.54000091552734,4024.0
2022-01-06 11:53:00-05:00,92.52999877929688,92.53500366210938,92.5250015258789,92.53500366210938,92.53500366210938,4066.0
2022-01-06 11:54:00-05:00,92.54000091552734,92.54000091552734,92.52999877929688,92.52999877929688,92.52999877929688,3956.0
2022-01-06 11:55:00-05:00,92.52999877929688,92.52999877929688,92.5199966430664,92.5199966430664,92.5199966430664,2363.0
2022-01-06 11:56:00-05:00,92.5199966430664,92.5250015258789,92.51000213623047,92.51499938964844,92.51499938964844,6119.0
2022-01-06 11:57:00-05:00,92.51000213623047,92.52999877929688,92.51000213623047,92.52999877929688,92.52999877929688,6252.0
2022-01-06 11:58:00-05:00,92.52999877929688,92.53500366210938,92.5199966430664,92.52999877929688,92.52999877929688,3718.0
2022-01-06 11:59:00-05:00,92.52999877929688,92.53500366210938,92.52999877929688,92.52999877929688,92.52999877929688,2120.0
2022-01-06 12:00:00-05:00,92.5250015258789,92.5250015258789,92.51499938964844,92.5250015258789,92.5250015258789,8378.0
2022-01-06 12:01:00-05:00,92.5199966430664,92.5199966430664,92.51000213623047,92.5199966430664,92.5199966430664,1995.0
2022-01-06 12:02:00-05:00,92.5250015258789,92.52999877929688,92.5199966430664,92.5250015258789,92.5250015258789,5403.0
2022-01-06 12:03:00-05:00,92.5199966430664,92.5199966430664,92.50189971923828,92.51000213623047,92.51000213623047,3180.0
2022-01-06 12:04:00-05:00,92.5199966430664,92.5250015258789,92.51499938964844,92.5250015258789,92.5250015258789,2879.0
2022-01-06 12:05:00-05:00,92.5250015258789,92.54000091552734,92.5250015258789,92.5250015258789,92.5250015258789,4762.0
2022-01-06 12:06:00-05:00,92.54000091552734,92.54000091552734,92.52999877929688,92.53500366210938,92.53500366210938,4990.0
2022-01-06 12:07:00-05:00,92.52999877929688,92.54000091552734,92.5250015258789,92.54000091552734,92.54000091552734,2387.0
2022-01-06 12:08:00-05:00,92.53500366210938,92.54499816894531,92.53500366210938,92.54019927978516,92.54019927978516,2583.0
2022-01-06 12:09:00-05:00,92.55000305175781,92.5510025024414,92.52999877929688,92.54000091552734,92.54000091552734,8309.0
2022-01-06 12:10:00-05:00,92.52999877929688,92.54000091552734,92.5250015258789,92.54000091552734,92.54000091552734,3470.0
2022-01-06 12:11:00-05:00,92.53500366210938,92.54000091552734,92.53500366210938,92.54000091552734,92.54000091552734,1263.0
2022-01-06 12:12:00-05:00,92.52999877929688,92.54000091552734,92.5199966430664,92.54000091552734,92.54000091552734,4673.0
2022-01-06 12:13:00-05:00,92.54000091552734,92.54000091552734,92.54000091552734,92.54000091552734,92.54000091552734,1712.0
2022-01-06 12:14:00-05:00,92.54000091552734,92.5510025024414,92.54000091552734,92.54499816894531,92.54499816894531,3943.0
2022-01-06 12:15:00-05:00,92.54000091552734,92.55000305175781,92.54000091552734,92.54499816894531,92.54499816894531,7160.0
2022-01-06 12:16:00-05:00,92.55000305175781,92.56999969482422,92.55000305175781,92.55500030517578,92.55500030517578,6553.0
2022-01-06 12:17:00-05:00,92.55500030517578,92.57499694824219,92.55500030517578,92.57499694824219,92.57499694824219,3118.0
2022-01-06 12:18:00-05:00,92.57499694824219,92.58000183105469,92.57499694824219,92.58000183105469,92.58000183105469,3095.0
2022-01-06 12:19:00-05:00,92.57499694824219,92.61499786376953,92.57499694824219,92.61000061035156,92.61000061035156,5134.0
2022-01-06 12:20:00-05:00,92.5999984741211,92.5999984741211,92.58999633789062,92.58999633789062,92.58999633789062,3314.0
2022-01-06 12:21:00-05:00,92.61000061035156,92.62999725341797,92.6050033569336,92.62000274658203,92.62000274658203,6338.0
2022-01-06 12:22:00-05:00,92.59500122070312,92.61000061035156,92.59500122070312,92.61000061035156,92.61000061035156,402.0
2022-01-06 12:23:00-05:00,92.59500122070312,92.61000061035156,92.58499908447266,92.5999984741211,92.5999984741211,5698.0
2022-01-06 12:24:00-05:00,92.58499908447266,92.58499908447266,92.55999755859375,92.55999755859375,92.55999755859375,2301.0
2022-01-06 12:25:00-05:00,92.56999969482422,92.56999969482422,92.55999755859375,92.56999969482422,92.56999969482422,2470.0
2022-01-06 12:26:00-05:00,92.58000183105469,92.58000183105469,92.56999969482422,92.58000183105469,92.58000183105469,4170.0
2022-01-06 12:27:00-05:00,92.58000183105469,92.5999984741211,92.56999969482422,92.5999984741211,92.5999984741211,2957.0
2022-01-06 12:28:00-05:00,92.59500122070312,92.59500122070312,92.59500122070312,92.59500122070312,92.59500122070312,436.0
2022-01-06 12:29:00-05:00,92.59500122070312,92.5999984741211,92.58300018310547,92.58300018310547,92.58300018310547,3956.0
2022-01-06 12:30:00-05:00,92.58499908447266,92.61000061035156,92.58499908447266,92.61000061035156,92.61000061035156,6671.0
2022-01-06 12:31:00-05:00,92.6051025390625,92.62999725341797,92.6050033569336,92.62000274658203,92.62000274658203,6260.0
2022-01-06 12:32:00-05:00,92.62000274658203,92.62000274658203,92.61000061035156,92.61000061035156,92.61000061035156,2440.0
2022-01-06 12:33:00-05:00,92.62000274658203,92.62999725341797,92.61499786376953,92.62000274658203,92.62000274658203,9217.0
2022-01-06 12:34:00-05:00,92.62000274658203,92.62999725341797,92.62000274658203,92.62999725341797,92.62999725341797,2267.0
2022-01-06 12:35:00-05:00,92.625,92.62999725341797,92.61000061035156,92.61000061035156,92.61000061035156,4895.0
2022-01-06 12:36:00-05:00,92.61000061035156,92.61000061035156,92.58999633789062,92.58999633789062,92.58999633789062,2278.0
2022-01-06 12:37:00-05:00,92.5999984741211,92.61000061035156,92.55000305175781,92.58999633789062,92.58999633789062,10997.0
2022-01-06 12:38:00-05:00,92.5999984741211,92.61499786376953,92.5999984741211,92.61499786376953,92.61499786376953,2965.0
2022-01-06 12:39:00-05:00,92.61000061035156,92.61000061035156,92.58499908447266,92.58999633789062,92.58999633789062,3706.0
2022-01-06 12:40:00-05:00,92.58999633789062,92.59500122070312,92.58499908447266,92.58999633789062,92.58999633789062,2048.0
2022-01-06 12:41:00-05:00,92.59980010986328,92.59980010986328,92.58000183105469,92.58999633789062,92.58999633789062,3999.0
2022-01-06 12:42:00-05:00,92.58999633789062,92.5999984741211,92.58999633789062,92.5999984741211,92.5999984741211,3346.0
2022-01-06 12:43:00-05:00,92.61000061035156,92.62000274658203,92.6050033569336,92.62000274658203,92.62000274658203,2742.0
2022-01-06 12:44:00-05:00,92.62999725341797,92.66000366210938,92.62999725341797,92.66000366210938,92.66000366210938,3918.0
2022-01-06 12:45:00-05:00,92.66000366210938,92.69000244140625,92.65170288085938,92.68000030517578,92.68000030517578,4177.0
2022-01-06 12:46:00-05:00,92.68000030517578,92.68000030517578,92.6500015258789,92.6500015258789,92.6500015258789,2628.0
2022-01-06 12:47:00-05:00,92.6500015258789,92.66000366210938,92.63999938964844,92.66000366210938,92.66000366210938,3565.0
2022-01-06 12:48:00-05:00,92.66000366210938,92.66999816894531,92.63999938964844,92.63999938964844,92.63999938964844,3964.0
2022-01-06 12:49:00-05:00,92.6500015258789,92.6500015258789,92.63999938964844,92.6500015258789,92.6500015258789,1400.0
2022-01-06 12:50:00-05:00,92.6500015258789,92.6500015258789,92.6449966430664,92.6449966430664,92.6449966430664,1113.0
2022-01-06 12:51:00-05:00,92.6449966430664,92.6449966430664,92.62000274658203,92.63500213623047,92.63500213623047,2064.0
2022-01-06 12:52:00-05:00,92.63500213623047,92.6500015258789,92.62999725341797,92.63749694824219,92.63749694824219,4395.0
2022-01-06 12:53:00-05:00,92.63500213623047,92.63500213623047,92.62000274658203,92.62000274658203,92.62000274658203,1665.0
2022-01-06 12:54:00-05:00,92.62000274658203,92.62000274658203,92.62000274658203,92.62000274658203,92.62000274658203,673.0
2022-01-06 12:55:00-05:00,92.62000274658203,92.62999725341797,92.62000274658203,92.62000274658203,92.62000274658203,1210.0
2022-01-06 12:56:00-05:00,92.62000274658203,92.62000274658203,92.59500122070312,92.62000274658203,92.62000274658203,5718.0
2022-01-06 12:57:00-05:00,92.61499786376953,92.61499786376953,92.61499786376953,92.61499786376953,92.61499786376953,311.0
2022-01-06 12:58:00-05:00,92.61499786376953,92.61499786376953,92.58999633789062,92.58999633789062,92.58999633789062,2426.0
2022-01-06 12:59:00-05:00,92.58999633789062,92.5999984741211,92.58499908447266,92.58499908447266,92.58499908447266,4461.0
2022-01-06 13:00:00-05:00,92.58999633789062,92.5999984741211,92.58999633789062,92.5999984741211,92.5999984741211,3553.0
2022-01-06 13:01:00-05:00,92.58999633789062,92.58999633789062,92.58999633789062,92.58999633789062,92.58999633789062,868.0
2022-01-06 13:02:00-05:00,92.59500122070312,92.5999984741211,92.58999633789062,92.58999633789062,92.58999633789062,5909.0
2022-01-06 13:03:00-05:00,92.58999633789062,92.5999984741211,92.58350372314453,92.5999984741211,92.5999984741211,2377.0
2022-01-06 13:04:00-05:00,92.5999984741211,92.5999984741211,92.59500122070312,92.59500122070312,92.59500122070312,695.0
2022-01-06 13:05:00-05:00,92.59500122070312,92.62000274658203,92.58999633789062,92.62000274658203,92.62000274658203,3704.0
2022-01-06 13:06:00-05:00,92.61499786376953,92.63999938964844,92.61000061035156,92.63999938964844,92.63999938964844,2356.0
2022-01-06 13:07:00-05:00,92.6449966430664,92.66000366210938,92.6449966430664,92.6500015258789,92.6500015258789,3638.0
2022-01-06 13:08:00-05:00,92.6500015258789,92.6500015258789,92.62000274658203,92.63500213623047,92.63500213623047,3721.0
2022-01-06 13:09:00-05:00,92.63500213623047,92.63999938964844,92.62999725341797,92.63999938964844,92.63999938964844,2562.0
2022-01-06 13:10:00-05:00,92.62999725341797,92.6500015258789,92.625,92.63999938964844,92.63999938964844,2492.0
2022-01-06 13:11:00-05:00,92.6449966430664,92.6500015258789,92.62999725341797,92.6500015258789,92.6500015258789,2971.0
2022-01-06 13:12:00-05:00,92.66000366210938,92.66000366210938,92.62000274658203,92.62999725341797,92.62999725341797,2849.0
2022-01-06 13:13:00-05:00,92.625,92.625,92.62000274658203,92.62000274658203,92.62000274658203,838.0
2022-01-06 13:14:00-05:00,92.61000061035156,92.62000274658203,92.61000061035156,92.61000061035156,92.61000061035156,1449.0
2022-01-06 13:15:00-05:00,92.61000061035156,92.61000061035156,92.5999984741211,92.5999984741211,92.5999984741211,4910.0
2022-01-06 13:16:00-05:00,92.5999984741211,92.5999984741211,92.55999755859375,92.56999969482422,92.56999969482422,9353.0
2022-01-06 13:17:00-05:00,92.56999969482422,92.58000183105469,92.56500244140625,92.56999969482422,92.56999969482422,2031.0
2022-01-06 13:18:00-05:00,92.58000183105469,92.58000183105469,92.56999969482422,92.56999969482422,92.56999969482422,2305.0
2022-01-06 13:19:00-05:00,92.56999969482422,92.58000183105469,92.55500030517578,92.55500030517578,92.55500030517578,2969.0
2022-01-06 13:20:00-05:00,92.55500030517578,92.55999755859375,92.55500030517578,92.55999755859375,92.55999755859375,2364.0
2022-01-06 13:21:00-05:00,92.55500030517578,92.55500030517578,92.54000091552734,92.54000091552734,92.54000091552734,3058.0
2022-01-06 13:22:00-05:00,92.54000091552734,92.55000305175781,92.52999877929688,92.52999877929688,92.52999877929688,1884.0
2022-01-06 13:23:00-05:00,92.54000091552734,92.54000091552734,92.51000213623047,92.5199966430664,92.5199966430664,3544.0
2022-01-06 13:24:00-05:00,92.51000213623047,92.5199966430664,92.51000213623047,92.51000213623047,92.51000213623047,5017.0
2022-01-06 13:25:00-05:00,92.51000213623047,92.5199966430664,92.5,92.5199966430664,92.5199966430664,11639.0
2022-01-06 13:26:00-05:00,92.5199966430664,92.52999877929688,92.5199966430664,92.52999877929688,92.52999877929688,3228.0
2022-01-06 13:27:00-05:00,92.5250015258789,92.55000305175781,92.5250015258789,92.54000091552734,92.54000091552734,6215.0
2022-01-06 13:28:00-05:00,92.54000091552734,92.54000091552734,92.52420043945312,92.53720092773438,92.53720092773438,3717.0
2022-01-06 13:29:00-05:00,92.52999877929688,92.52999877929688,92.51000213623047,92.52999877929688,92.52999877929688,5083.0
2022-01-06 13:30:00-05:00,92.5199966430664,92.52999877929688,92.51000213623047,92.5199966430664,92.5199966430664,3598.0
2022-01-06 13:31:00-05:00,92.5199966430664,92.5199966430664,92.51499938964844,92.51499938964844,92.51499938964844,1330.0
2022-01-06 13:32:00-05:00,92.5199966430664,92.55000305175781,92.5199966430664,92.55000305175781,92.55000305175781,6329.0
2022-01-06 13:33:00-05:00,92.55500030517578,92.55500030517578,92.55500030517578,92.55500030517578,92.55500030517578,532.0
2022-01-06 13:34:00-05:00,92.55500030517578,92.55500030517578,92.54000091552734,92.55000305175781,92.55000305175781,2431.0
2022-01-06 13:35:00-05:00,92.54000091552734,92.55999755859375,92.54000091552734,92.55999755859375,92.55999755859375,4780.0
2022-01-06 13:36:00-05:00,92.56999969482422,92.56999969482422,92.52999877929688,92.54000091552734,92.54000091552734,1813.0
2022-01-06 13:37:00-05:00,92.5199966430664,92.54000091552734,92.5199966430664,92.52999877929688,92.52999877929688,2048.0
2022-01-06 13:38:00-05:00,92.52999877929688,92.52999877929688,92.5199966430664,92.5199966430664,92.5199966430664,3569.0
2022-01-06 13:39:00-05:00,92.52999877929688,92.54000091552734,92.5199966430664,92.5199966430664,92.5199966430664,5381.0
2022-01-06 13:40:00-05:00,92.5199966430664,92.52999877929688,92.5199966430664,92.52999877929688,92.52999877929688,2876.0
2022-01-06 13:41:00-05:00,92.5250015258789,92.52999877929688,92.51000213623047,92.51000213623047,92.51000213623047,2109.0
2022-01-06 13:42:00-05:00,92.5199966430664,92.52999877929688,92.5,92.52999877929688,92.52999877929688,34899.0
2022-01-06 13:43:00-05:00,92.54000091552734,92.55000305175781,92.53500366210938,92.54499816894531,92.54499816894531,4103.0
2022-01-06 13:44:00-05:00,92.54000091552734,92.54499816894531,92.52999877929688,92.52999877929688,92.52999877929688,4377.0
2022-01-06 13:45:00-05:00,92.54000091552734,92.54000091552734,92.5199966430664,92.5199966430664,92.5199966430664,11672.0
2022-01-06 13:46:00-05:00,92.51499938964844,92.52999877929688,92.51000213623047,92.51499938964844,92.51499938964844,7673.0
2022-01-06 13:47:00-05:00,92.51000213623047,92.5199966430664,92.51000213623047,92.5199966430664,92.5199966430664,5414.0
2022-01-06 13:48:00-05:00,92.5199966430664,92.52999877929688,92.51000213623047,92.51000213623047,92.51000213623047,2818.0
2022-01-06 13:49:00-05:00,92.5199966430664,92.5199966430664,92.51000213623047,92.51000213623047,92.51000213623047,3948.0
2022-01-06 13:50:00-05:00,92.51499938964844,92.51499938964844,92.5,92.51000213623047,92.51000213623047,17493.0
2022-01-06 13:51:00-05:00,92.51000213623047,92.51499938964844,92.5,92.51499938964844,92.51499938964844,31787.0
2022-01-06 13:52:00-05:00,92.51000213623047,92.5250015258789,92.50499725341797,92.51499938964844,92.51499938964844,6233.0
2022-01-06 13:53:00-05:00,92.51000213623047,92.5199966430664,92.50499725341797,92.5199966430664,92.5199966430664,3419.0
2022-01-06 13:54:00-05:00,92.52999877929688,92.55000305175781,92.5250015258789,92.54000091552734,92.54000091552734,7891.0
2022-01-06 13:55:00-05:00,92.53500366210938,92.58000183105469,92.5199966430664,92.58000183105469,92.58000183105469,7161.0
2022-01-06 13:56:00-05:00,92.58999633789062,92.62999725341797,92.58999633789062,92.60050201416016,92.60050201416016,15323.0
2022-01-06 13:57:00-05:00,92.5999984741211,92.5999984741211,92.58000183105469,92.58999633789062,92.58999633789062,1566.0
2022-01-06 13:58:00-05:00,92.5999984741211,92.5999984741211,92.56999969482422,92.58000183105469,92.58000183105469,3036.0
2022-01-06 13:59:00-05:00,92.58000183105469,92.58000183105469,92.57499694824219,92.57499694824219,92.57499694824219,1540.0
2022-01-06 14:00:00-05:00,92.57499694824219,92.58499908447266,92.56999969482422,92.58499908447266,92.58499908447266,2453.0
2022-01-06 14:01:00-05:00,92.56999969482422,92.58000183105469,92.56999969482422,92.57499694824219,92.57499694824219,113491.0
2022-01-06 14:02:00-05:00,92.56999969482422,92.56999969482422,92.52999877929688,92.53500366210938,92.53500366210938,4837.0
2022-01-06 14:03:00-05:00,92.52999877929688,92.54000091552734,92.5199966430664,92.52999877929688,92.52999877929688,4047.0
2022-01-06 14:04:00-05:00,92.54000091552734,92.54000091552734,92.52999877929688,92.54000091552734,92.54000091552734,4513.0
2022-01-06 14:05:00-05:00,92.54000091552734,92.55999755859375,92.53500366210938,92.55999755859375,92.55999755859375,5238.0
2022-01-06 14:06:00-05:00,92.55500030517578,92.56999969482422,92.55500030517578,92.56999969482422,92.56999969482422,3442.0
2022-01-06 14:07:00-05:00,92.56999969482422,92.57499694824219,92.55999755859375,92.55999755859375,92.55999755859375,2969.0
2022-01-06 14:08:00-05:00,92.56999969482422,92.56999969482422,92.54000091552734,92.55000305175781,92.55000305175781,2932.0
2022-01-06 14:09:00-05:00,92.55999755859375,92.55999755859375,92.54000091552734,92.54000091552734,92.54000091552734,5616.0
2022-01-06 14:10:00-05:00,92.55000305175781,92.57499694824219,92.55000305175781,92.55000305175781,92.55000305175781,4666.0
2022-01-06 14:11:00-05:00,92.55000305175781,92.55000305175781,92.52999877929688,92.52999877929688,92.52999877929688,5683.0
2022-01-06 14:12:00-05:00,92.5199966430664,92.52999877929688,92.51499938964844,92.52999877929688,92.52999877929688,9682.0
2022-01-06 14:13:00-05:00,92.5199966430664,92.52999877929688,92.5199966430664,92.5199966430664,92.5199966430664,1276.0
2022-01-06 14:14:00-05:00,92.5199966430664,92.5250015258789,92.51499938964844,92.51499938964844,92.51499938964844,2271.0
2022-01-06 14:15:00-05:00,92.51499938964844,92.52999877929688,92.51499938964844,92.5199966430664,92.5199966430664,4753.0
2022-01-06 14:16:00-05:00,92.5250015258789,92.52999877929688,92.5199966430664,92.52999877929688,92.52999877929688,4845.0
2022-01-06 14:17:00-05:00,92.53500366210938,92.55500030517578,92.53500366210938,92.55000305175781,92.55000305175781,4421.0
2022-01-06 14:18:00-05:00,92.55000305175781,92.55000305175781,92.5199966430664,92.52999877929688,92.52999877929688,3142.0
2022-01-06 14:19:00-05:00,92.52999877929688,92.52999877929688,92.51000213623047,92.5199966430664,92.5199966430664,6879.0
2022-01-06 14:20:00-05:00,92.5199966430664,92.52999877929688,92.5199966430664,92.52999877929688,92.52999877929688,5669.0
2022-01-06 14:21:00-05:00,92.5250015258789,92.52999877929688,92.5250015258789,92.5250015258789,92.5250015258789,899.0
2022-01-06 14:22:00-05:00,92.5250015258789,92.52999877929688,92.5199966430664,92.5250015258789,92.5250015258789,4501.0
2022-01-06 14:23:00-05:00,92.52999877929688,92.53500366210938,92.51499938964844,92.51499938964844,92.51499938964844,2161.0
2022-01-06 14:24:00-05:00,92.5199966430664,92.52999877929688,92.51000213623047,92.51000213623047,92.51000213623047,5355.0
2022-01-06 14:25:00-05:00,92.5199966430664,92.52999877929688,92.5199966430664,92.52999877929688,92.52999877929688,678.0
2022-01-06 14:26:00-05:00,92.52999877929688,92.53500366210938,92.52999877929688,92.53500366210938,92.53500366210938,2973.0
2022-01-06 14:27:00-05:00,92.54000091552734,92.54000091552734,92.5199966430664,92.54000091552734,92.54000091552734,4786.0
2022-01-06 14:28:00-05:00,92.53500366210938,92.54000091552734,92.5250015258789,92.52670288085938,92.52670288085938,5304.0
2022-01-06 14:29:00-05:00,92.5199966430664,92.5199966430664,92.5199966430664,92.5199966430664,92.5199966430664,3429.0
2022-01-06 14:30:00-05:00,92.5250015258789,92.54000091552734,92.5250015258789,92.52999877929688,92.52999877929688,5869.0
2022-01-06 14:31:00-05:00,92.5199966430664,92.53500366210938,92.5199966430664,92.52999877929688,92.52999877929688,3615.0
2022-01-06 14:32:00-05:00,92.52999877929688,92.54000091552734,92.52999877929688,92.53500366210938,92.53500366210938,1801.0
2022-01-06 14:33:00-05:00,92.52999877929688,92.54000091552734,92.5199966430664,92.5199966430664,92.5199966430664,6842.0
2022-01-06 14:34:00-05:00,92.5199966430664,92.52999877929688,92.5199966430664,92.5250015258789,92.5250015258789,4028.0
2022-01-06 14:35:00-05:00,92.5199966430664,92.54000091552734,92.5199966430664,92.53500366210938,92.53500366210938,4212.0
2022-01-06 14:36:00-05:00,92.54000091552734,92.54499816894531,92.5199966430664,92.5199966430664,92.5199966430664,6323.0
2022-01-06 14:37:00-05:00,92.5199966430664,92.5199966430664,92.5199966430664,92.5199966430664,92.5199966430664,310.0
2022-01-06 14:38:00-05:00,92.52999877929688,92.53500366210938,92.52999877929688,92.52999877929688,92.52999877929688,3562.0
2022-01-06 14:39:00-05:00,92.53099822998047,92.54000091552734,92.52999877929688,92.53500366210938,92.53500366210938,1971.0
2022-01-06 14:40:00-05:00,92.53500366210938,92.54000091552734,92.52999877929688,92.54000091552734,92.54000091552734,4730.0
2022-01-06 14:41:00-05:00,92.54000091552734,92.54000091552734,92.52999877929688,92.54000091552734,92.54000091552734,3979.0
2022-01-06 14:42:00-05:00,92.54000091552734,92.55000305175781,92.54000091552734,92.54499816894531,92.54499816894531,2243.0
2022-01-06 14:43:00-05:00,92.55000305175781,92.55000305175781,92.54000091552734,92.54000091552734,92.54000091552734,3767.0
2022-01-06 14:44:00-05:00,92.54499816894531,92.55000305175781,92.54000091552734,92.54000091552734,92.54000091552734,1860.0
2022-01-06 14:45:00-05:00,92.54000091552734,92.55999755859375,92.54000091552734,92.55999755859375,92.55999755859375,2782.0
2022-01-06 14:46:00-05:00,92.55000305175781,92.55999755859375,92.54499816894531,92.55999755859375,92.55999755859375,3474.0
2022-01-06 14:47:00-05:00,92.56999969482422,92.56999969482422,92.55000305175781,92.55999755859375,92.55999755859375,4547.0
2022-01-06 14:48:00-05:00,92.55000305175781,92.55000305175781,92.52999877929688,92.52999877929688,92.52999877929688,3540.0
2022-01-06 14:49:00-05:00,92.52999877929688,92.52999877929688,92.51789855957031,92.5199966430664,92.5199966430664,9606.0
2022-01-06 14:50:00-05:00,92.51499938964844,92.5199966430664,92.51000213623047,92.5199966430664,92.5199966430664,3710.0
2022-01-06 14:51:00-05:00,92.5199966430664,92.5250015258789,92.5199966430664,92.5250015258789,92.5250015258789,2177.0
2022-01-06 14:52:00-05:00,92.5199966430664,92.5199966430664,92.51000213623047,92.51000213623047,92.51000213623047,11937.0
2022-01-06 14:53:00-05:00,92.51499938964844,92.5199966430664,92.51000213623047,92.51000213623047,92.51000213623047,7186.0
2022-01-06 14:54:00-05:00,92.5199966430664,92.5199966430664,92.51000213623047,92.5199966430664,92.5199966430664,5386.0
2022-01-06 14:55:00-05:00,92.51499938964844,92.5199966430664,92.51499938964844,92.51499938964844,92.51499938964844,2362.0
2022-01-06 14:56:00-05:00,92.51499938964844,92.5250015258789,92.51499938964844,92.5250015258789,92.5250015258789,5186.0
2022-01-06 14:57:00-05:00,92.5250015258789,92.5250015258789,92.51000213623047,92.51499938964844,92.51499938964844,13264.0
2022-01-06 14:58:00-05:00,92.51000213623047,92.51499938964844,92.51000213623047,92.51499938964844,92.51499938964844,8364.0
2022-01-06 14:59:00-05:00,92.51100158691406,92.5199966430664,92.51000213623047,92.51499938964844,92.51499938964844,3449.0
2022-01-06 15:00:00-05:00,92.5199966430664,92.5199966430664,92.51000213623047,92.51499938964844,92.51499938964844,19172.0
2022-01-06 15:01:00-05:00,92.51000213623047,92.5199966430664,92.51000213623047,92.51000213623047,92.51000213623047,5184.0
2022-01-06 15:02:00-05:00,92.51000213623047,92.51499938964844,92.5,92.5,92.5,8493.0
2022-01-06 15:03:00-05:00,92.5,92.51000213623047,92.5,92.50499725341797,92.50499725341797,3070.0
2022-01-06 15:04:00-05:00,92.51000213623047,92.51000213623047,92.49500274658203,92.50499725341797,92.50499725341797,7325.0
2022-01-06 15:05:00-05:00,92.5,92.51000213623047,92.5,92.5,92.5,8711.0
2022-01-06 15:06:00-05:00,92.5,92.50499725341797,92.48999786376953,92.50499725341797,92.50499725341797,10815.0
2022-01-06 15:07:00-05:00,92.51000213623047,92.51000213623047,92.50499725341797,92.51000213623047,92.51000213623047,5883.0
2022-01-06 15:08:00-05:00,92.50499725341797,92.51000213623047,92.5,92.50499725341797,92.50499725341797,1388.0
2022-01-06 15:09:00-05:00,92.50499725341797,92.50499725341797,92.4749984741211,92.4800033569336,92.4800033569336,13743.0
2022-01-06 15:10:00-05:00,92.4749984741211,92.4749984741211,92.45999908447266,92.46499633789062,92.46499633789062,2987.0
2022-01-06 15:11:00-05:00,92.46499633789062,92.4749984741211,92.44999694824219,92.4749984741211,92.4749984741211,12407.0
2022-01-06 15:12:00-05:00,92.4800033569336,92.4800033569336,92.47000122070312,92.47000122070312,92.47000122070312,3940.0
2022-01-06 15:13:00-05:00,92.47000122070312,92.49500274658203,92.47000122070312,92.48999786376953,92.48999786376953,15392.0
2022-01-06 15:14:00-05:00,92.48999786376953,92.5,92.47000122070312,92.5,92.5,12877.0
2022-01-06 15:15:00-05:00,92.50499725341797,92.50499725341797,92.4800033569336,92.4800033569336,92.4800033569336,9867.0
2022-01-06 15:16:00-05:00,92.4800033569336,92.48999786376953,92.4800033569336,92.48500061035156,92.48500061035156,9055.0
2022-01-06 15:17:00-05:00,92.48999786376953,92.51000213623047,92.48999786376953,92.5,92.5,34242.0
2022-01-06 15:18:00-05:00,92.49500274658203,92.5,92.48999786376953,92.5,92.5,13512.0
2022-01-06 15:19:00-05:00,92.5,92.5199966430664,92.5,92.50499725341797,92.50499725341797,9799.0
2022-01-06 15:20:00-05:00,92.50499725341797,92.5199966430664,92.5,92.51499938964844,92.51499938964844,10453.0
2022-01-06 15:21:00-05:00,92.51499938964844,92.52999877929688,92.50749969482422,92.51000213623047,92.51000213623047,10258.0
2022-01-06 15:22:00-05:00,92.51000213623047,92.54000091552734,92.51000213623047,92.54000091552734,92.54000091552734,15982.0
2022-01-06 15:23:00-05:00,92.53500366210938,92.53500366210938,92.51499938964844,92.5199966430664,92.5199966430664,6225.0
2022-01-06 15:24:00-05:00,92.5199966430664,92.55000305175781,92.5199966430664,92.55000305175781,92.55000305175781,11538.0
2022-01-06 15:25:00-05:00,92.55000305175781,92.57499694824219,92.55000305175781,92.56999969482422,92.56999969482422,4586.0
2022-01-06 15:26:00-05:00,92.55999755859375,92.56500244140625,92.54000091552734,92.54000091552734,92.54000091552734,3733.0
2022-01-06 15:27:00-05:00,92.54000091552734,92.54000091552734,92.51000213623047,92.51000213623047,92.51000213623047,4054.0
2022-01-06 15:28:00-05:00,92.51499938964844,92.5250015258789,92.51499938964844,92.5199966430664,92.5199966430664,5370.0
2022-01-06 15:29:00-05:00,92.5199966430664,92.52999877929688,92.51000213623047,92.51000213623047,92.51000213623047,4908.0
2022-01-06 15:30:00-05:00,92.51000213623047,92.5199966430664,92.51000213623047,92.51000213623047,92.51000213623047,8723.0
2022-01-06 15:31:00-05:00,92.51000213623047,92.5199966430664,92.51000213623047,92.51499938964844,92.51499938964844,16752.0
2022-01-06 15:32:00-05:00,92.51000213623047,92.51899719238281,92.48999786376953,92.49500274658203,92.49500274658203,24506.0
2022-01-06 15:33:00-05:00,92.49500274658203,92.5,92.48999786376953,92.5,92.5,5645.0
2022-01-06 15:34:00-05:00,92.50499725341797,92.51000213623047,92.48500061035156,92.5,92.5,14825.0
2022-01-06 15:35:00-05:00,92.50499725341797,92.52999877929688,92.5,92.5199966430664,92.5199966430664,12134.0
2022-01-06 15:36:00-05:00,92.51499938964844,92.51499938964844,92.5,92.51000213623047,92.51000213623047,11927.0
2022-01-06 15:37:00-05:00,92.5,92.51000213623047,92.5,92.50499725341797,92.50499725341797,4197.0
2022-01-06 15:38:00-05:00,92.51000213623047,92.51000213623047,92.5,92.5,92.5,10828.0
2022-01-06 15:39:00-05:00,92.50499725341797,92.51000213623047,92.5,92.51000213623047,92.51000213623047,11963.0
2022-01-06 15:40:00-05:00,92.50499725341797,92.51000213623047,92.5,92.51000213623047,92.51000213623047,21664.0
2022-01-06 15:41:00-05:00,92.51000213623047,92.53500366210938,92.50499725341797,92.53500366210938,92.53500366210938,12530.0
2022-01-06 15:42:00-05:00,92.54000091552734,92.54000091552734,92.5,92.50499725341797,92.50499725341797,11679.0
2022-01-06 15:43:00-05:00,92.50499725341797,92.51000213623047,92.49500274658203,92.50900268554688,92.50900268554688,11168.0
2022-01-06 15:44:00-05:00,92.50499725341797,92.51000213623047,92.48500061035156,92.50039672851562,92.50039672851562,16299.0
2022-01-06 15:45:00-05:00,92.5,92.51000213623047,92.5,92.5,92.5,9171.0
2022-01-06 15:46:00-05:00,92.50499725341797,92.50499725341797,92.5,92.5,92.5,9838.0
2022-01-06 15:47:00-05:00,92.50499725341797,92.50499725341797,92.5,92.5,92.5,10746.0
2022-01-06 15:48:00-05:00,92.5,92.51000213623047,92.45999908447266,92.4749984741211,92.4749984741211,35399.0
2022-01-06 15:49:00-05:00,92.47000122070312,92.47899627685547,92.44999694824219,92.45500183105469,92.45500183105469,15405.0
2022-01-06 15:50:00-05:00,92.45500183105469,92.45999908447266,92.3499984741211,92.41999816894531,92.41999816894531,127033.0
2022-01-06 15:51:00-05:00,92.41999816894531,92.43000030517578,92.31999969482422,92.33000183105469,92.33000183105469,42091.0
2022-01-06 15:52:00-05:00,92.33000183105469,92.36000061035156,92.27999877929688,92.33999633789062,92.33999633789062,34961.0
2022-01-06 15:53:00-05:00,92.3499984741211,92.44000244140625,92.33999633789062,92.41000366210938,92.41000366210938,52789.0
2022-01-06 15:54:00-05:00,92.40499877929688,92.47000122070312,92.3499984741211,92.41000366210938,92.41000366210938,70722.0
2022-01-06 15:55:00-05:00,92.41000366210938,92.41500091552734,92.3499984741211,92.3550033569336,92.3550033569336,56330.0
2022-01-06 15:56:00-05:00,92.3550033569336,92.41000366210938,92.3499984741211,92.41000366210938,92.41000366210938,60997.0
2022-01-06 15:57:00-05:00,92.41000366210938,92.44000244140625,92.4000015258789,92.41000366210938,92.41000366210938,60710.0
2022-01-06 15:58:00-05:00,92.41500091552734,92.41999816894531,92.4000015258789,92.41000366210938,92.41000366210938,53113.0
2022-01-06 15:59:00-05:00,92.40499877929688,92.41000366210938,92.3499984741211,92.36000061035156,92.36000061035156,62836.0
2022-01-07 09:30:00-05:00,92.41999816894531,92.47000122070312,92.37999725341797,92.41999816894531,92.41999816894531,73742.0
2022-01-07 09:31:00-05:00,92.41999816894531,92.41999816894531,92.39129638671875,92.40499877929688,92.40499877929688,4550.0
2022-01-07 09:32:00-05:00,92.41999816894531,92.43000030517578,92.4000015258789,92.4000015258789,92.4000015258789,20744.0
2022-01-07 09:33:00-05:00,92.4000015258789,92.44999694824219,92.4000015258789,92.44999694824219,92.44999694824219,13957.0
2022-01-07 09:34:00-05:00,92.3499984741211,92.37000274658203,92.3499984741211,92.36000061035156,92.36000061035156,24745.0
2022-01-07 09:35:00-05:00,92.36000061035156,92.38999938964844,92.36000061035156,92.38999938964844,92.38999938964844,53435.0
2022-01-07 09:36:00-05:00,92.38999938964844,92.44000244140625,92.38999938964844,92.44000244140625,92.44000244140625,24145.0
2022-01-07 09:37:00-05:00,92.44000244140625,92.45999908447266,92.4000015258789,92.41000366210938,92.41000366210938,6426.0
2022-01-07 09:38:00-05:00,92.41999816894531,92.43000030517578,92.41000366210938,92.41000366210938,92.41000366210938,29924.0
2022-01-07 09:39:00-05:00,92.4000015258789,92.40499877929688,92.38500213623047,92.3998031616211,92.3998031616211,19608.0
2022-01-07 09:40:00-05:00,92.3949966430664,92.3949966430664,92.38500213623047,92.38500213623047,92.38500213623047,40044.0
2022-01-07 09:41:00-05:00,92.40499877929688,92.41500091552734,92.38999938964844,92.41500091552734,92.41500091552734,29134.0
2022-01-07 09:42:00-05:00,92.41500091552734,92.41999816894531,92.4000015258789,92.40499877929688,92.40499877929688,9930.0
2022-01-07 09:43:00-05:00,92.3949966430664,92.41000366210938,92.37999725341797,92.37999725341797,92.37999725341797,34989.0
2022-01-07 09:44:00-05:00,92.38500213623047,92.41999816894531,92.38500213623047,92.4000015258789,92.4000015258789,25808.0
2022-01-07 09:45:00-05:00,92.4000015258789,92.41000366210938,92.4000015258789,92.4000015258789,92.4000015258789,16392.0
2022-01-07 09:46:00-05:00,92.4000015258789,92.42500305175781,92.4000015258789,92.42500305175781,92.42500305175781,11378.0
2022-01-07 09:47:00-05:00,92.41999816894531,92.44000244140625,92.41500091552734,92.41500091552734,92.41500091552734,16706.0
2022-01-07 09:48:00-05:00,92.41000366210938,92.41999816894531,92.40499877929688,92.41500091552734,92.41500091552734,7446.0
2022-01-07 09:49:00-05:00,92.4000015258789,92.41500091552734,92.4000015258789,92.41000366210938,92.41000366210938,14810.0
2022-01-07 09:50:00-05:00,92.40499877929688,92.41000366210938,92.4000015258789,92.41000366210938,92.41000366210938,13677.0
2022-01-07 09:51:00-05:00,92.41999816894531,92.43000030517578,92.41999816894531,92.43000030517578,92.43000030517578,15662.0
2022-01-07 09:52:00-05:00,92.41999816894531,92.44000244140625,92.41999816894531,92.44000244140625,92.44000244140625,35557.0
2022-01-07 09:53:00-05:00,92.43000030517578,92.48999786376953,92.43000030517578,92.4800033569336,92.4800033569336,14932.0
2022-01-07 09:54:00-05:00,92.43000030517578,92.44000244140625,92.43000030517578,92.44000244140625,92.44000244140625,7998.0
2022-01-07 09:55:00-05:00,92.43000030517578,92.44000244140625,92.43000030517578,92.44000244140625,92.44000244140625,26511.0
2022-01-07 09:56:00-05:00,92.43000030517578,92.44000244140625,92.43000030517578,92.44000244140625,92.44000244140625,8863.0
2022-01-07 09:57:00-05:00,92.43000030517578,92.44000244140625,92.41500091552734,92.41500091552734,92.41500091552734,17944.0
2022-01-07 09:58:00-05:00,92.41500091552734,92.41999816894531,92.41500091552734,92.41999816894531,92.41999816894531,7999.0
2022-01-07 09:59:00-05:00,92.41999816894531,92.44999694824219,92.41000366210938,92.44999694824219,92.44999694824219,19618.0
2022-01-07 10:00:00-05:00,92.44499969482422,92.45999908447266,92.44499969482422,92.45999908447266,92.45999908447266,8872.0
2022-01-07 10:01:00-05:00,92.44000244140625,92.44000244140625,92.43000030517578,92.43000030517578,92.43000030517578,3955.0
2022-01-07 10:02:00-05:00,92.44000244140625,92.5,92.44000244140625,92.5,92.5,9333.0
2022-01-07 10:03:00-05:00,92.5,92.52999877929688,92.4800033569336,92.4800033569336,92.4800033569336,4711.0
2022-01-07 10:04:00-05:00,92.48999786376953,92.51000213623047,92.48500061035156,92.51000213623047,92.51000213623047,9931.0
2022-01-07 10:05:00-05:00,92.51000213623047,92.5199966430664,92.5,92.5,92.5,5677.0
2022-01-07 10:06:00-05:00,92.51000213623047,92.5199966430664,92.48999786376953,92.5199966430664,92.5199966430664,9446.0
2022-01-07 10:07:00-05:00,92.5199966430664,92.52999877929688,92.5199966430664,92.5199966430664,92.5199966430664,4492.0
2022-01-07 10:08:00-05:00,92.5199966430664,92.55000305175781,92.5199966430664,92.55000305175781,92.55000305175781,4882.0
2022-01-07 10:09:00-05:00,92.54000091552734,92.55000305175781,92.48999786376953,92.5,92.5,12756.0
2022-01-07 10:10:00-05:00,92.49500274658203,92.5,92.44999694824219,92.45999908447266,92.45999908447266,12097.0
2022-01-07 10:11:00-05:00,92.45500183105469,92.46499633789062,92.44999694824219,92.46499633789062,92.46499633789062,5687.0
2022-01-07 10:12:00-05:00,92.47000122070312,92.4800033569336,92.45999908447266,92.45999908447266,92.45999908447266,10944.0
2022-01-07 10:13:00-05:00,92.45999908447266,92.45999908447266,92.42500305175781,92.43499755859375,92.43499755859375,10573.0
2022-01-07 10:14:00-05:00,92.43499755859375,92.44000244140625,92.41999816894531,92.43499755859375,92.43499755859375,8181.0
2022-01-07 10:15:00-05:00,92.43499755859375,92.47000122070312,92.43000030517578,92.46499633789062,92.46499633789062,20399.0
2022-01-07 10:16:00-05:00,92.45999908447266,92.47000122070312,92.44999694824219,92.44999694824219,92.44999694824219,2637.0
2022-01-07 10:17:00-05:00,92.45379638671875,92.45999908447266,92.44499969482422,92.44499969482422,92.44499969482422,3630.0
2022-01-07 10:18:00-05:00,92.44000244140625,92.44999694824219,92.43499755859375,92.44000244140625,92.44000244140625,4623.0
2022-01-07 10:19:00-05:00,92.43499755859375,92.44000244140625,92.41999816894531,92.42500305175781,92.42500305175781,8785.0
2022-01-07 10:20:00-05:00,92.43000030517578,92.43000030517578,92.41999816894531,92.43000030517578,92.43000030517578,6400.0
2022-01-07 10:21:00-05:00,92.42500305175781,92.44000244140625,92.41999816894531,92.42500305175781,92.42500305175781,10939.0
2022-01-07 10:22:00-05:00,92.42500305175781,92.43000030517578,92.41000366210938,92.41999816894531,92.41999816894531,10255.0
2022-01-07 10:23:00-05:00,92.41500091552734,92.41999816894531,92.4000015258789,92.41999816894531,92.41999816894531,19951.0
2022-01-07 10:24:00-05:00,92.41000366210938,92.41999816894531,92.40499877929688,92.41000366210938,92.41000366210938,4634.0
2022-01-07 10:25:00-05:00,92.41000366210938,92.41999816894531,92.4000015258789,92.4000015258789,92.4000015258789,7273.0
2022-01-07 10:26:00-05:00,92.4000015258789,92.41000366210938,92.4000015258789,92.40499877929688,92.40499877929688,22962.0
2022-01-07 10:27:00-05:00,92.4000015258789,92.41000366210938,92.38999938964844,92.4000015258789,92.4000015258789,37480.0
2022-01-07 10:28:00-05:00,92.4000015258789,92.4000015258789,92.38999938964844,92.3949966430664,92.3949966430664,1102.0
2022-01-07 10:29:00-05:00,92.3949966430664,92.4000015258789,92.38500213623047,92.3949966430664,92.3949966430664,14850.0
2022-01-07 10:30:00-05:00,92.38999938964844,92.4000015258789,92.3499984741211,92.3550033569336,92.3550033569336,37062.0
2022-01-07 10:31:00-05:00,92.36000061035156,92.37999725341797,92.3499984741211,92.375,92.375,13052.0
2022-01-07 10:32:00-05:00,92.37000274658203,92.37999725341797,92.3499984741211,92.37000274658203,92.37000274658203,9575.0
2022-01-07 10:33:00-05:00,92.36000061035156,92.36000061035156,92.3499984741211,92.3499984741211,92.3499984741211,3117.0
2022-01-07 10:34:00-05:00,92.36000061035156,92.37999725341797,92.3499984741211,92.375,92.375,17323.0
2022-01-07 10:35:00-05:00,92.375,92.4000015258789,92.375,92.4000015258789,92.4000015258789,8166.0
2022-01-07 10:36:00-05:00,92.4000015258789,92.41999816894531,92.38999938964844,92.38999938964844,92.38999938964844,11779.0
2022-01-07 10:37:00-05:00,92.38999938964844,92.38999938964844,92.37999725341797,92.37999725341797,92.37999725341797,5173.0
2022-01-07 10:38:00-05:00,92.37999725341797,92.41000366210938,92.375,92.41000366210938,92.41000366210938,14768.0
2022-01-07 10:39:00-05:00,92.4000015258789,92.4000015258789,92.38500213623047,92.4000015258789,92.4000015258789,8068.0
2022-01-07 10:40:00-05:00,92.4000015258789,92.41999816894531,92.4000015258789,92.41000366210938,92.41000366210938,9782.0
2022-01-07 10:41:00-05:00,92.4000015258789,92.41000366210938,92.37000274658203,92.37999725341797,92.37999725341797,14009.0
2022-01-07 10:42:00-05:00,92.37000274658203,92.38999938964844,92.37000274658203,92.38999938964844,92.38999938964844,10161.0
2022-01-07 10:43:00-05:00,92.38999938964844,92.41000366210938,92.38500213623047,92.41000366210938,92.41000366210938,11005.0
2022-01-07 10:44:00-05:00,92.41500091552734,92.41999816894531,92.4000015258789,92.41999816894531,92.41999816894531,7633.0
2022-01-07 10:45:00-05:00,92.41999816894531,92.43000030517578,92.41500091552734,92.43000030517578,92.43000030517578,6166.0
2022-01-07 10:46:00-05:00,92.41999816894531,92.44000244140625,92.41000366210938,92.44000244140625,92.44000244140625,16317.0
2022-01-07 10:47:00-05:00,92.44000244140625,92.44000244140625,92.43000030517578,92.43499755859375,92.43499755859375,7225.0
2022-01-07 10:48:00-05:00,92.44000244140625,92.44000244140625,92.41999816894531,92.42500305175781,92.42500305175781,6844.0
2022-01-07 10:49:00-05:00,92.42500305175781,92.43000030517578,92.41000366210938,92.41999816894531,92.41999816894531,14202.0
2022-01-07 10:50:00-05:00,92.41999816894531,92.43000030517578,92.37000274658203,92.375,92.375,11638.0
2022-01-07 10:51:00-05:00,92.375,92.37999725341797,92.36000061035156,92.36000061035156,92.36000061035156,15747.0
2022-01-07 10:52:00-05:00,92.36000061035156,92.37999725341797,92.3550033569336,92.37999725341797,92.37999725341797,17593.0
2022-01-07 10:53:00-05:00,92.375,92.37999725341797,92.36000061035156,92.37000274658203,92.37000274658203,11776.0
2022-01-07 10:54:00-05:00,92.375,92.38999938964844,92.33000183105469,92.3499984741211,92.3499984741211,25202.0
2022-01-07 10:55:00-05:00,92.3499984741211,92.37000274658203,92.33000183105469,92.3499984741211,92.3499984741211,9843.0
2022-01-07 10:56:00-05:00,92.33000183105469,92.33999633789062,92.30000305175781,92.31999969482422,92.31999969482422,32356.0
2022-01-07 10:57:00-05:00,92.30999755859375,92.31999969482422,92.30999755859375,92.31500244140625,92.31500244140625,7186.0
2022-01-07 10:58:00-05:00,92.31500244140625,92.32499694824219,92.31500244140625,92.31500244140625,92.31500244140625,8304.0
2022-01-07 10:59:00-05:00,92.31500244140625,92.31999969482422,92.30999755859375,92.31500244140625,92.31500244140625,8505.0
2022-01-07 11:00:00-05:00,92.31500244140625,92.33000183105469,92.30999755859375,92.33000183105469,92.33000183105469,45469.0
2022-01-07 11:01:00-05:00,92.29499816894531,92.30500030517578,92.29000091552734,92.30000305175781,92.30000305175781,6940.0
2022-01-07 11:02:00-05:00,92.30500030517578,92.31999969482422,92.30000305175781,92.30999755859375,92.30999755859375,18086.0
2022-01-07 11:03:00-05:00,92.30999755859375,92.33999633789062,92.30999755859375,92.31500244140625,92.31500244140625,8991.0
2022-01-07 11:04:00-05:00,92.31500244140625,92.31999969482422,92.30000305175781,92.30000305175781,92.30000305175781,7103.0
2022-01-07 11:05:00-05:00,92.30500030517578,92.33000183105469,92.30000305175781,92.33000183105469,92.33000183105469,7457.0
2022-01-07 11:06:00-05:00,92.31999969482422,92.33999633789062,92.31999969482422,92.33999633789062,92.33999633789062,7190.0
2022-01-07 11:07:00-05:00,92.33999633789062,92.3499984741211,92.33499908447266,92.33999633789062,92.33999633789062,11146.0
2022-01-07 11:08:00-05:00,92.33999633789062,92.3499984741211,92.33000183105469,92.34500122070312,92.34500122070312,4219.0
2022-01-07 11:09:00-05:00,92.34500122070312,92.36000061035156,92.33999633789062,92.34500122070312,92.34500122070312,15061.0
2022-01-07 11:10:00-05:00,92.33999633789062,92.34500122070312,92.33000183105469,92.34500122070312,92.34500122070312,10211.0
2022-01-07 11:11:00-05:00,92.34500122070312,92.36000061035156,92.33999633789062,92.3550033569336,92.3550033569336,11154.0
2022-01-07 11:12:00-05:00,92.36000061035156,92.36000061035156,92.33999633789062,92.33999633789062,92.33999633789062,14292.0
2022-01-07 11:13:00-05:00,92.33499908447266,92.34500122070312,92.33000183105469,92.33999633789062,92.33999633789062,8214.0
2022-01-07 11:14:00-05:00,92.34500122070312,92.3499984741211,92.33000183105469,92.33499908447266,92.33499908447266,5409.0
2022-01-07 11:15:00-05:00,92.33499908447266,92.33999633789062,92.33000183105469,92.33000183105469,92.33000183105469,4261.0
2022-01-07 11:16:00-05:00,92.33999633789062,92.3550033569336,92.33000183105469,92.3499984741211,92.3499984741211,17272.0
2022-01-07 11:17:00-05:00,92.3550033569336,92.37999725341797,92.33999633789062,92.37000274658203,92.37000274658203,12470.0
2022-01-07 11:18:00-05:00,92.375,92.37999725341797,92.36000061035156,92.37000274658203,92.37000274658203,5733.0
2022-01-07 11:19:00-05:00,92.36180114746094,92.37999725341797,92.36000061035156,92.37999725341797,92.37999725341797,7590.0
2022-01-07 11:20:00-05:00,92.375,92.37999725341797,92.3499984741211,92.3499984741211,92.3499984741211,7787.0
2022-01-07 11:21:00-05:00,92.33999633789062,92.33999633789062,92.33000183105469,92.33000183105469,92.33000183105469,6682.0
2022-01-07 11:22:00-05:00,92.33999633789062,92.3499984741211,92.33000183105469,92.33000183105469,92.33000183105469,8561.0
2022-01-07 11:23:00-05:00,92.33100128173828,92.33999633789062,92.33000183105469,92.33000183105469,92.33000183105469,1784.0
2022-01-07 11:24:00-05:00,92.33000183105469,92.33999633789062,92.33000183105469,92.33499908447266,92.33499908447266,4775.0
2022-01-07 11:25:00-05:00,92.33000183105469,92.33999633789062,92.31999969482422,92.32499694824219,92.32499694824219,6224.0
2022-01-07 11:26:00-05:00,92.33000183105469,92.33000183105469,92.31999969482422,92.33000183105469,92.33000183105469,15415.0
2022-01-07 11:27:00-05:00,92.32499694824219,92.3499984741211,92.31999969482422,92.33999633789062,92.33999633789062,15080.0
2022-01-07 11:28:00-05:00,92.34500122070312,92.36000061035156,92.34500122070312,92.3550033569336,92.3550033569336,6081.0
2022-01-07 11:29:00-05:00,92.3550033569336,92.36000061035156,92.3499984741211,92.36000061035156,92.36000061035156,6114.0
2022-01-07 11:30:00-05:00,92.36000061035156,92.37000274658203,92.33999633789062,92.33999633789062,92.33999633789062,3510.0
2022-01-07 11:31:00-05:00,92.3499984741211,92.3499984741211,92.33000183105469,92.33999633789062,92.33999633789062,20132.0
2022-01-07 11:32:00-05:00,92.3499984741211,92.36499786376953,92.33000183105469,92.33999633789062,92.33999633789062,22312.0
2022-01-07 11:33:00-05:00,92.33999633789062,92.33999633789062,92.31999969482422,92.32499694824219,92.32499694824219,15297.0
2022-01-07 11:34:00-05:00,92.31999969482422,92.33999633789062,92.31999969482422,92.33499908447266,92.33499908447266,10435.0
2022-01-07 11:35:00-05:00,92.33999633789062,92.36000061035156,92.33999633789062,92.3499984741211,92.3499984741211,8298.0
2022-01-07 11:36:00-05:00,92.33999633789062,92.3499984741211,92.33999633789062,92.34500122070312,92.34500122070312,12505.0
2022-01-07 11:37:00-05:00,92.3499984741211,92.36000061035156,92.33999633789062,92.33999633789062,92.33999633789062,12520.0
2022-01-07 11:38:00-05:00,92.34500122070312,92.36000061035156,92.33999633789062,92.3550033569336,92.3550033569336,4546.0
2022-01-07 11:39:00-05:00,92.3550033569336,92.36000061035156,92.33999633789062,92.3499984741211,92.3499984741211,4333.0
2022-01-07 11:40:00-05:00,92.3499984741211,92.3550033569336,92.3499984741211,92.35199737548828,92.35199737548828,2109.0
2022-01-07 11:41:00-05:00,92.3550033569336,92.37999725341797,92.3550033569336,92.37999725341797,92.37999725341797,9791.0
2022-01-07 11:42:00-05:00,92.37000274658203,92.37999725341797,92.36000061035156,92.36499786376953,92.36499786376953,7699.0
2022-01-07 11:43:00-05:00,92.37000274658203,92.37000274658203,92.33999633789062,92.36000061035156,92.36000061035156,6035.0
2022-01-07 11:44:00-05:00,92.3550033569336,92.37000274658203,92.34500122070312,92.34500122070312,92.34500122070312,4833.0
2022-01-07 11:45:00-05:00,92.33999633789062,92.36000061035156,92.33999633789062,92.36000061035156,92.36000061035156,5262.0
2022-01-07 11:46:00-05:00,92.36000061035156,92.41000366210938,92.36000061035156,92.38300323486328,92.38300323486328,18229.0
2022-01-07 11:47:00-05:00,92.38500213623047,92.38999938964844,92.37000274658203,92.38999938964844,92.38999938964844,26063.0
2022-01-07 11:48:00-05:00,92.38099670410156,92.38999938964844,92.36940002441406,92.36940002441406,92.36940002441406,2091.0
2022-01-07 11:49:00-05:00,92.37999725341797,92.38500213623047,92.37000274658203,92.38500213623047,92.38500213623047,5351.0
2022-01-07 11:50:00-05:00,92.38500213623047,92.38999938964844,92.38500213623047,92.38999938964844,92.38999938964844,1349.0
2022-01-07 11:51:00-05:00,92.38500213623047,92.4000015258789,92.38500213623047,92.4000015258789,92.4000015258789,8394.0
2022-01-07 11:52:00-05:00,92.4000015258789,92.41999816894531,92.3949966430664,92.41999816894531,92.41999816894531,9278.0
2022-01-07 11:53:00-05:00,92.41500091552734,92.41999816894531,92.4000015258789,92.41500091552734,92.41500091552734,4065.0
2022-01-07 11:54:00-05:00,92.41500091552734,92.41999816894531,92.41000366210938,92.41999816894531,92.41999816894531,2650.0
2022-01-07 11:55:00-05:00,92.43000030517578,92.44000244140625,92.42500305175781,92.43000030517578,92.43000030517578,4393.0
2022-01-07 11:56:00-05:00,92.43000030517578,92.44000244140625,92.43000030517578,92.43499755859375,92.43499755859375,1297.0
2022-01-07 11:57:00-05:00,92.44000244140625,92.44000244140625,92.43000030517578,92.43000030517578,92.43000030517578,3418.0
2022-01-07 11:58:00-05:00,92.44000244140625,92.44000244140625,92.43499755859375,92.43499755859375,92.43499755859375,1559.0
2022-01-07 11:59:00-05:00,92.44000244140625,92.44000244140625,92.41999816894531,92.41999816894531,92.41999816894531,4316.0
2022-01-07 12:00:00-05:00,92.42500305175781,92.43000030517578,92.41000366210938,92.41000366210938,92.41000366210938,8837.0
2022-01-07 12:01:00-05:00,92.38999938964844,92.4000015258789,92.38500213623047,92.38500213623047,92.38500213623047,3233.0
2022-01-07 12:02:00-05:00,92.38999938964844,92.38999938964844,92.37000274658203,92.375,92.375,4312.0
2022-01-07 12:03:00-05:00,92.37999725341797,92.38999938964844,92.37000274658203,92.38500213623047,92.38500213623047,8972.0
2022-01-07 12:04:00-05:00,92.38500213623047,92.38999938964844,92.375,92.38500213623047,92.38500213623047,6596.0
2022-01-07 12:05:00-05:00,92.38500213623047,92.38999938964844,92.37000274658203,92.38500213623047,92.38500213623047,2374.0
2022-01-07 12:06:00-05:00,92.38500213623047,92.38500213623047,92.36000061035156,92.36499786376953,92.36499786376953,2722.0
2022-01-07 12:07:00-05:00,92.36499786376953,92.37000274658203,92.36000061035156,92.36499786376953,92.36499786376953,2759.0
2022-01-07 12:08:00-05:00,92.36000061035156,92.37000274658203,92.3550033569336,92.36000061035156,92.36000061035156,8733.0
2022-01-07 12:09:00-05:00,92.3550033569336,92.36000061035156,92.34500122070312,92.3550033569336,92.3550033569336,8326.0
2022-01-07 12:10:00-05:00,92.36000061035156,92.4000015258789,92.3499984741211,92.4000015258789,92.4000015258789,10694.0
2022-01-07 12:11:00-05:00,92.38999938964844,92.3949966430664,92.375,92.37999725341797,92.37999725341797,4748.0
2022-01-07 12:12:00-05:00,92.375,92.38999938964844,92.3634033203125,92.3634033203125,92.3634033203125,4214.0
2022-01-07 12:13:00-05:00,92.37999725341797,92.4000015258789,92.37000274658203,92.37999725341797,92.37999725341797,6548.0
2022-01-07 12:14:00-05:00,92.375,92.37999725341797,92.36499786376953,92.37000274658203,92.37000274658203,2541.0
2022-01-07 12:15:00-05:00,92.37000274658203,92.38999938964844,92.37000274658203,92.38999938964844,92.38999938964844,6481.0
2022-01-07 12:16:00-05:00,92.38500213623047,92.38999938964844,92.37999725341797,92.37999725341797,92.37999725341797,5505.0
2022-01-07 12:17:00-05:00,92.37999725341797,92.37999725341797,92.37000274658203,92.37999725341797,92.37999725341797,1159.0
2022-01-07 12:18:00-05:00,92.375,92.37999725341797,92.36000061035156,92.36499786376953,92.36499786376953,5141.0
2022-01-07 12:19:00-05:00,92.36499786376953,92.37000274658203,92.3499984741211,92.3499984741211,92.3499984741211,12871.0
2022-01-07 12:20:00-05:00,92.3550033569336,92.36000061035156,92.3499984741211,92.36000061035156,92.36000061035156,10547.0
2022-01-07 12:21:00-05:00,92.3550033569336,92.38999938964844,92.3499984741211,92.37999725341797,92.37999725341797,22330.0
2022-01-07 12:22:00-05:00,92.375,92.375,92.375,92.375,92.375,631.0
2022-01-07 12:23:00-05:00,92.375,92.37999725341797,92.36499786376953,92.37000274658203,92.37000274658203,5698.0
2022-01-07 12:24:00-05:00,92.36499786376953,92.37000274658203,92.36239624023438,92.37000274658203,92.37000274658203,5363.0
2022-01-07 12:25:00-05:00,92.36499786376953,92.37999725341797,92.36499786376953,92.375,92.375,10412.0
2022-01-07 12:26:00-05:00,92.37000274658203,92.37999725341797,92.3499984741211,92.36000061035156,92.36000061035156,5891.0
2022-01-07 12:27:00-05:00,92.3499984741211,92.36000061035156,92.33999633789062,92.36000061035156,92.36000061035156,13852.0
2022-01-07 12:28:00-05:00,92.34500122070312,92.3499984741211,92.33999633789062,92.34500122070312,92.34500122070312,4732.0
2022-01-07 12:29:00-05:00,92.34459686279297,92.3499984741211,92.33000183105469,92.34500122070312,92.34500122070312,7238.0
2022-01-07 12:30:00-05:00,92.34500122070312,92.34500122070312,92.34500122070312,92.34500122070312,92.34500122070312,294.0
2022-01-07 12:31:00-05:00,92.3499984741211,92.3499984741211,92.33999633789062,92.33999633789062,92.33999633789062,2538.0
2022-01-07 12:32:00-05:00,92.34500122070312,92.3499984741211,92.33999633789062,92.34500122070312,92.34500122070312,2171.0
2022-01-07 12:33:00-05:00,92.34500122070312,92.3499984741211,92.34500122070312,92.3499984741211,92.3499984741211,1274.0
2022-01-07 12:34:00-05:00,92.3499984741211,92.3499984741211,92.34500122070312,92.34500122070312,92.34500122070312,2585.0
2022-01-07 12:35:00-05:00,92.34500122070312,92.3499984741211,92.34500122070312,92.34500122070312,92.34500122070312,2124.0
2022-01-07 12:36:00-05:00,92.34500122070312,92.3499984741211,92.33999633789062,92.34500122070312,92.34500122070312,1583.0
2022-01-07 12:37:00-05:00,92.34500122070312,92.3499984741211,92.33999633789062,92.34500122070312,92.34500122070312,8170.0
2022-01-07 12:38:00-05:00,92.34500122070312,92.3499984741211,92.33999633789062,92.33999633789062,92.33999633789062,2656.0
2022-01-07 12:39:00-05:00,92.33999633789062,92.3550033569336,92.33999633789062,92.3499984741211,92.3499984741211,7831.0
2022-01-07 12:40:00-05:00,92.36000061035156,92.36000061035156,92.35030364990234,92.3550033569336,92.3550033569336,2199.0
2022-01-07 12:41:00-05:00,92.3550033569336,92.36000061035156,92.3499984741211,92.36000061035156,92.36000061035156,1567.0
2022-01-07 12:42:00-05:00,92.36000061035156,92.37000274658203,92.36000061035156,92.36000061035156,92.36000061035156,6016.0
2022-01-07 12:43:00-05:00,92.37000274658203,92.37000274658203,92.36000061035156,92.36499786376953,92.36499786376953,4772.0
2022-01-07 12:44:00-05:00,92.36430358886719,92.37999725341797,92.3550033569336,92.37010192871094,92.37010192871094,18071.0
2022-01-07 12:45:00-05:00,92.37999725341797,92.38999938964844,92.36000061035156,92.36000061035156,92.36000061035156,5297.0
2022-01-07 12:46:00-05:00,92.36000061035156,92.37000274658203,92.3550033569336,92.3550033569336,92.3550033569336,6623.0
2022-01-07 12:47:00-05:00,92.3550033569336,92.36000061035156,92.33999633789062,92.33999633789062,92.33999633789062,15368.0
2022-01-07 12:48:00-05:00,92.33999633789062,92.3499984741211,92.31999969482422,92.32499694824219,92.32499694824219,31483.0
2022-01-07 12:49:00-05:00,92.32499694824219,92.33000183105469,92.31999969482422,92.31999969482422,92.31999969482422,4666.0
2022-01-07 12:50:00-05:00,92.31999969482422,92.32499694824219,92.31999969482422,92.32499694824219,92.32499694824219,5737.0
2022-01-07 12:51:00-05:00,92.32499694824219,92.33000183105469,92.31999969482422,92.32499694824219,92.32499694824219,10817.0
2022-01-07 12:52:00-05:00,92.33000183105469,92.33000183105469,92.32499694824219,92.32499694824219,92.32499694824219,2862.0
2022-01-07 12:53:00-05:00,92.31999969482422,92.33000183105469,92.31999969482422,92.32499694824219,92.32499694824219,7655.0
2022-01-07 12:54:00-05:00,92.33000183105469,92.33999633789062,92.32499694824219,92.33499908447266,92.33499908447266,7389.0
2022-01-07 12:55:00-05:00,92.33499908447266,92.33999633789062,92.33000183105469,92.33499908447266,92.33499908447266,8650.0
2022-01-07 12:56:00-05:00,92.33999633789062,92.34500122070312,92.33110046386719,92.34500122070312,92.34500122070312,5224.0
2022-01-07 12:57:00-05:00,92.34500122070312,92.3499984741211,92.33999633789062,92.3499984741211,92.3499984741211,3786.0
2022-01-07 12:58:00-05:00,92.34500122070312,92.3499984741211,92.33000183105469,92.3333969116211,92.3333969116211,3760.0
2022-01-07 12:59:00-05:00,92.33000183105469,92.33999633789062,92.31999969482422,92.31999969482422,92.31999969482422,5693.0
2022-01-07 13:00:00-05:00,92.32499694824219,92.33000183105469,92.31999969482422,92.31999969482422,92.31999969482422,9515.0
2022-01-07 13:01:00-05:00,92.31999969482422,92.33000183105469,92.31999969482422,92.33000183105469,92.33000183105469,14978.0
2022-01-07 13:02:00-05:00,92.31999969482422,92.33000183105469,92.31999969482422,92.31999969482422,92.31999969482422,7949.0
2022-01-07 13:03:00-05:00,92.32499694824219,92.33999633789062,92.31999969482422,92.33999633789062,92.33999633789062,8528.0
2022-01-07 13:04:00-05:00,92.34500122070312,92.3499984741211,92.34500122070312,92.34500122070312,92.34500122070312,1492.0
2022-01-07 13:05:00-05:00,92.3499984741211,92.3499984741211,92.34500122070312,92.34500122070312,92.34500122070312,2173.0
2022-01-07 13:06:00-05:00,92.33999633789062,92.3499984741211,92.33999633789062,92.34500122070312,92.34500122070312,1329.0
2022-01-07 13:07:00-05:00,92.33999633789062,92.3499984741211,92.33999633789062,92.34500122070312,92.34500122070312,3240.0
2022-01-07 13:08:00-05:00,92.34500122070312,92.3499984741211,92.33999633789062,92.3499984741211,92.3499984741211,1809.0
2022-01-07 13:09:00-05:00,92.34500122070312,92.3499984741211,92.34500122070312,92.34500122070312,92.34500122070312,6020.0
2022-01-07 13:10:00-05:00,92.34500122070312,92.37000274658203,92.33999633789062,92.37000274658203,92.37000274658203,14683.0
2022-01-07 13:11:00-05:00,92.37000274658203,92.37999725341797,92.3499984741211,92.36000061035156,92.36000061035156,10099.0
2022-01-07 13:12:00-05:00,92.36000061035156,92.38999938964844,92.36000061035156,92.375,92.375,11056.0
2022-01-07 13:13:00-05:00,92.37010192871094,92.375,92.3499984741211,92.3550033569336,92.3550033569336,4358.0
2022-01-07 13:14:00-05:00,92.36000061035156,92.36000061035156,92.3550033569336,92.3550033569336,92.3550033569336,3381.0
2022-01-07 13:16:00-05:00,92.36000061035156,92.36000061035156,92.33999633789062,92.33999633789062,92.33999633789062,4023.0
2022-01-07 13:17:00-05:00,92.33999633789062,92.34500122070312,92.33999633789062,92.33999633789062,92.33999633789062,2619.0
2022-01-07 13:18:00-05:00,92.33999633789062,92.3499984741211,92.33000183105469,92.33000183105469,92.33000183105469,13162.0
2022-01-07 13:19:00-05:00,92.33499908447266,92.33999633789062,92.33000183105469,92.33499908447266,92.33499908447266,4667.0
2022-01-07 13:20:00-05:00,92.33000183105469,92.33999633789062,92.33000183105469,92.33999633789062,92.33999633789062,9348.0
2022-01-07 13:21:00-05:00,92.34500122070312,92.36000061035156,92.34500122070312,92.36000061035156,92.36000061035156,4737.0
2022-01-07 13:22:00-05:00,92.3550033569336,92.37000274658203,92.33999633789062,92.34500122070312,92.34500122070312,12860.0
2022-01-07 13:24:00-05:00,92.3499984741211,92.36000061035156,92.34500122070312,92.36000061035156,92.36000061035156,4494.0
2022-01-07 13:25:00-05:00,92.36000061035156,92.37000274658203,92.3550033569336,92.37000274658203,92.37000274658203,4193.0
2022-01-07 13:26:00-05:00,92.36499786376953,92.36499786376953,92.36499786376953,92.36499786376953,92.36499786376953,353.0
2022-01-07 13:27:00-05:00,92.36499786376953,92.36499786376953,92.36000061035156,92.36000061035156,92.36000061035156,1662.0
2022-01-07 13:28:00-05:00,92.36499786376953,92.37000274658203,92.3550033569336,92.36000061035156,92.36000061035156,2187.0
2022-01-07 13:29:00-05:00,92.36000061035156,92.36000061035156,92.36000061035156,92.36000061035156,92.36000061035156,1639.0
2022-01-07 13:30:00-05:00,92.36000061035156,92.37000274658203,92.3550033569336,92.36000061035156,92.36000061035156,2510.0
2022-01-07 13:31:00-05:00,92.36499786376953,92.36499786376953,92.36499786376953,92.36499786376953,92.36499786376953,937.0
2022-01-07 13:32:00-05:00,92.3634033203125,92.37000274658203,92.3550033569336,92.37000274658203,92.37000274658203,2292.0
2022-01-07 13:33:00-05:00,92.3550033569336,92.36000061035156,92.3550033569336,92.3550033569336,92.3550033569336,1670.0
2022-01-07 13:34:00-05:00,92.3550033569336,92.36000061035156,92.3550033569336,92.36000061035156,92.36000061035156,4432.0
2022-01-07 13:35:00-05:00,92.3550033569336,92.37999725341797,92.3550033569336,92.3550033569336,92.3550033569336,8618.0
2022-01-07 13:36:00-05:00,92.3499984741211,92.36000061035156,92.34500122070312,92.3550033569336,92.3550033569336,3475.0
2022-01-07 13:37:00-05:00,92.3550033569336,92.36000061035156,92.34500122070312,92.34500122070312,92.34500122070312,3180.0
2022-01-07 13:38:00-05:00,92.34500122070312,92.3499984741211,92.34500122070312,92.3499984741211,92.3499984741211,701.0
2022-01-07 13:39:00-05:00,92.34500122070312,92.3499984741211,92.34500122070312,92.3499984741211,92.3499984741211,3134.0
2022-01-07 13:40:00-05:00,92.3499984741211,92.3499984741211,92.33000183105469,92.33999633789062,92.33999633789062,6162.0
2022-01-07 13:41:00-05:00,92.33159637451172,92.33999633789062,92.33000183105469,92.33499908447266,92.33499908447266,18443.0
2022-01-07 13:42:00-05:00,92.33000183105469,92.33999633789062,92.33000183105469,92.33499908447266,92.33499908447266,2663.0
2022-01-07 13:43:00-05:00,92.33000183105469,92.33999633789062,92.33000183105469,92.33499908447266,92.33499908447266,5604.0
2022-01-07 13:44:00-05:00,92.33499908447266,92.33999633789062,92.33000183105469,92.33999633789062,92.33999633789062,8661.0
2022-01-07 13:45:00-05:00,92.33499908447266,92.33999633789062,92.31999969482422,92.33000183105469,92.33000183105469,13617.0
2022-01-07 13:46:00-05:00,92.33000183105469,92.33999633789062,92.33000183105469,92.33000183105469,92.33000183105469,2529.0
2022-01-07 13:47:00-05:00,92.31999969482422,92.32499694824219,92.31999969482422,92.32499694824219,92.32499694824219,498.0
2022-01-07 13:48:00-05:00,92.32499694824219,92.33000183105469,92.31999969482422,92.32499694824219,92.32499694824219,9987.0
2022-01-07 13:49:00-05:00,92.31999969482422,92.33000183105469,92.30999755859375,92.31500244140625,92.31500244140625,35598.0
2022-01-07 13:50:00-05:00,92.30999755859375,92.31999969482422,92.30000305175781,92.30999755859375,92.30999755859375,6797.0
2022-01-07 13:51:00-05:00,92.30000305175781,92.33000183105469,92.30000305175781,92.32499694824219,92.32499694824219,19924.0
2022-01-07 13:52:00-05:00,92.31999969482422,92.33000183105469,92.31999969482422,92.33000183105469,92.33000183105469,6726.0
2022-01-07 13:53:00-05:00,92.32499694824219,92.33000183105469,92.30999755859375,92.31999969482422,92.31999969482422,8256.0
2022-01-07 13:54:00-05:00,92.30999755859375,92.30999755859375,92.30000305175781,92.30750274658203,92.30750274658203,6302.0
2022-01-07 13:55:00-05:00,92.30500030517578,92.30500030517578,92.30000305175781,92.30500030517578,92.30500030517578,1851.0
2022-01-07 13:56:00-05:00,92.30500030517578,92.30500030517578,92.30000305175781,92.302001953125,92.302001953125,2296.0
2022-01-07 13:57:00-05:00,92.30999755859375,92.30999755859375,92.30000305175781,92.30500030517578,92.30500030517578,9865.0
2022-01-07 13:58:00-05:00,92.30999755859375,92.30999755859375,92.30000305175781,92.30500030517578,92.30500030517578,1495.0
2022-01-07 13:59:00-05:00,92.30999755859375,92.30999755859375,92.30000305175781,92.30999755859375,92.30999755859375,9584.0
2022-01-07 14:00:00-05:00,92.30999755859375,92.31999969482422,92.30500030517578,92.31999969482422,92.31999969482422,9433.0
2022-01-07 14:01:00-05:00,92.31500244140625,92.31999969482422,92.31500244140625,92.31999969482422,92.31999969482422,4113.0
2022-01-07 14:02:00-05:00,92.31999969482422,92.31999969482422,92.31500244140625,92.31500244140625,92.31500244140625,1227.0
2022-01-07 14:03:00-05:00,92.30999755859375,92.31500244140625,92.30999755859375,92.31500244140625,92.31500244140625,2036.0
2022-01-07 14:04:00-05:00,92.31500244140625,92.31999969482422,92.30999755859375,92.31500244140625,92.31500244140625,1742.0
2022-01-07 14:05:00-05:00,92.31500244140625,92.31500244140625,92.30000305175781,92.30999755859375,92.30999755859375,8502.0
2022-01-07 14:06:00-05:00,92.30500030517578,92.30999755859375,92.30500030517578,92.30500030517578,92.30500030517578,1034.0
2022-01-07 14:07:00-05:00,92.30500030517578,92.30999755859375,92.30000305175781,92.30500030517578,92.30500030517578,3340.0
2022-01-07 14:08:00-05:00,92.30999755859375,92.31999969482422,92.30500030517578,92.31120300292969,92.31120300292969,8090.0
2022-01-07 14:09:00-05:00,92.31500244140625,92.31999969482422,92.31500244140625,92.31999969482422,92.31999969482422,1009.0
2022-01-07 14:10:00-05:00,92.31390380859375,92.31500244140625,92.30999755859375,92.31500244140625,92.31500244140625,1151.0
2022-01-07 14:11:00-05:00,92.30999755859375,92.30999755859375,92.30500030517578,92.30999755859375,92.30999755859375,5032.0
2022-01-07 14:12:00-05:00,92.30999755859375,92.31500244140625,92.30999755859375,92.31500244140625,92.31500244140625,880.0
2022-01-07 14:13:00-05:00,92.31500244140625,92.31999969482422,92.31500244140625,92.31500244140625,92.31500244140625,5860.0
2022-01-07 14:14:00-05:00,92.30999755859375,92.31999969482422,92.30999755859375,92.31500244140625,92.31500244140625,2518.0
2022-01-07 14:15:00-05:00,92.31500244140625,92.31500244140625,92.30999755859375,92.31500244140625,92.31500244140625,2582.0
2022-01-07 14:16:00-05:00,92.30999755859375,92.31999969482422,92.30000305175781,92.31500244140625,92.31500244140625,18630.0
2022-01-07 14:17:00-05:00,92.31999969482422,92.33000183105469,92.30999755859375,92.31500244140625,92.31500244140625,7901.0
2022-01-07 14:18:00-05:00,92.31340026855469,92.31500244140625,92.31340026855469,92.31500244140625,92.31500244140625,2077.0
2022-01-07 14:19:00-05:00,92.31330108642578,92.31500244140625,92.30999755859375,92.30999755859375,92.30999755859375,925.0
2022-01-07 14:20:00-05:00,92.30999755859375,92.32499694824219,92.30999755859375,92.32499694824219,92.32499694824219,7446.0
2022-01-07 14:21:00-05:00,92.32499694824219,92.33000183105469,92.31999969482422,92.33000183105469,92.33000183105469,1457.0
2022-01-07 14:22:00-05:00,92.32499694824219,92.32499694824219,92.31999969482422,92.31999969482422,92.31999969482422,2350.0
2022-01-07 14:23:00-05:00,92.31500244140625,92.31999969482422,92.30000305175781,92.30999755859375,92.30999755859375,8982.0
2022-01-07 14:24:00-05:00,92.31500244140625,92.31999969482422,92.30000305175781,92.30000305175781,92.30000305175781,5093.0
2022-01-07 14:25:00-05:00,92.30500030517578,92.30999755859375,92.30000305175781,92.30500030517578,92.30500030517578,7435.0
2022-01-07 14:26:00-05:00,92.30000305175781,92.31999969482422,92.30000305175781,92.31500244140625,92.31500244140625,11213.0
2022-01-07 14:27:00-05:00,92.31999969482422,92.33000183105469,92.30999755859375,92.30999755859375,92.30999755859375,7246.0
2022-01-07 14:28:00-05:00,92.31999969482422,92.31999969482422,92.30999755859375,92.31500244140625,92.31500244140625,1780.0
2022-01-07 14:29:00-05:00,92.31500244140625,92.31500244140625,92.31500244140625,92.31500244140625,92.31500244140625,208.0
2022-01-07 14:30:00-05:00,92.31500244140625,92.31999969482422,92.30999755859375,92.31999969482422,92.31999969482422,2323.0
2022-01-07 14:31:00-05:00,92.31999969482422,92.31999969482422,92.31500244140625,92.31500244140625,92.31500244140625,1376.0
2022-01-07 14:32:00-05:00,92.31999969482422,92.31999969482422,92.30999755859375,92.30999755859375,92.30999755859375,1056.0
2022-01-07 14:33:00-05:00,92.31500244140625,92.31999969482422,92.30500030517578,92.30500030517578,92.30500030517578,3595.0
2022-01-07 14:34:00-05:00,92.30500030517578,92.30999755859375,92.30000305175781,92.30999755859375,92.30999755859375,8326.0
2022-01-07 14:35:00-05:00,92.30999755859375,92.31500244140625,92.30999755859375,92.31500244140625,92.31500244140625,3479.0
2022-01-07 14:36:00-05:00,92.30999755859375,92.30999755859375,92.30000305175781,92.30999755859375,92.30999755859375,8643.0
2022-01-07 14:37:00-05:00,92.30999755859375,92.31999969482422,92.30000305175781,92.31999969482422,92.31999969482422,5061.0
2022-01-07 14:38:00-05:00,92.31500244140625,92.31500244140625,92.31500244140625,92.31500244140625,92.31500244140625,1424.0
2022-01-07 14:39:00-05:00,92.31500244140625,92.31999969482422,92.30999755859375,92.31500244140625,92.31500244140625,1867.0
2022-01-07 14:40:00-05:00,92.31500244140625,92.33000183105469,92.30999755859375,92.31999969482422,92.31999969482422,11352.0
2022-01-07 14:41:00-05:00,92.33000183105469,92.33000183105469,92.32499694824219,92.32499694824219,92.32499694824219,2228.0
2022-01-07 14:42:00-05:00,92.32499694824219,92.32499694824219,92.32499694824219,92.32499694824219,92.32499694824219,814.0
2022-01-07 14:43:00-05:00,92.32499694824219,92.32499694824219,92.30999755859375,92.31500244140625,92.31500244140625,2587.0
2022-01-07 14:44:00-05:00,92.30999755859375,92.31500244140625,92.30999755859375,92.30999755859375,92.30999755859375,1874.0
2022-01-07 14:45:00-05:00,92.30999755859375,92.31500244140625,92.30999755859375,92.30999755859375,92.30999755859375,1591.0
2022-01-07 14:46:00-05:00,92.30999755859375,92.31500244140625,92.30999755859375,92.31500244140625,92.31500244140625,7531.0
2022-01-07 14:47:00-05:00,92.30999755859375,92.33000183105469,92.30999755859375,92.33000183105469,92.33000183105469,9406.0
2022-01-07 14:48:00-05:00,92.33000183105469,92.33999633789062,92.33000183105469,92.33499908447266,92.33499908447266,12424.0
2022-01-07 14:49:00-05:00,92.33499908447266,92.33499908447266,92.31999969482422,92.32499694824219,92.32499694824219,2527.0
2022-01-07 14:50:00-05:00,92.31999969482422,92.32499694824219,92.31999969482422,92.32499694824219,92.32499694824219,711.0
2022-01-07 14:51:00-05:00,92.32250213623047,92.33000183105469,92.32250213623047,92.32499694824219,92.32499694824219,3817.0
2022-01-07 14:52:00-05:00,92.32499694824219,92.33000183105469,92.32499694824219,92.32499694824219,92.32499694824219,1592.0
2022-01-07 14:53:00-05:00,92.32160186767578,92.33000183105469,92.32160186767578,92.32499694824219,92.32499694824219,6356.0
2022-01-07 14:54:00-05:00,92.32499694824219,92.33000183105469,92.32379913330078,92.32379913330078,92.32379913330078,2665.0
2022-01-07 14:55:00-05:00,92.33000183105469,92.37000274658203,92.33000183105469,92.36499786376953,92.36499786376953,13811.0
2022-01-07 14:56:00-05:00,92.36000061035156,92.36000061035156,92.33999633789062,92.34500122070312,92.34500122070312,5109.0
2022-01-07 14:57:00-05:00,92.3499984741211,92.3499984741211,92.33499908447266,92.33999633789062,92.33999633789062,1931.0
2022-01-07 14:58:00-05:00,92.33499908447266,92.33999633789062,92.33159637451172,92.33499908447266,92.33499908447266,1045.0
2022-01-07 14:59:00-05:00,92.33499908447266,92.33999633789062,92.33000183105469,92.33999633789062,92.33999633789062,3985.0
2022-01-07 15:00:00-05:00,92.33499908447266,92.33999633789062,92.33499908447266,92.33499908447266,92.33499908447266,7815.0
2022-01-07 15:01:00-05:00,92.3499984741211,92.3499984741211,92.34500122070312,92.34500122070312,92.34500122070312,1521.0
2022-01-07 15:02:00-05:00,92.34500122070312,92.3499984741211,92.34020233154297,92.3499984741211,92.3499984741211,4685.0
2022-01-07 15:03:00-05:00,92.3405990600586,92.3499984741211,92.33999633789062,92.3499984741211,92.3499984741211,3125.0
2022-01-07 15:04:00-05:00,92.3499984741211,92.3499984741211,92.34089660644531,92.34089660644531,92.34089660644531,908.0
2022-01-07 15:05:00-05:00,92.33999633789062,92.3499984741211,92.33999633789062,92.33999633789062,92.33999633789062,4175.0
2022-01-07 15:06:00-05:00,92.34500122070312,92.3499984741211,92.33999633789062,92.3499984741211,92.3499984741211,6714.0
2022-01-07 15:07:00-05:00,92.3499984741211,92.36000061035156,92.3499984741211,92.3550033569336,92.3550033569336,1759.0
2022-01-07 15:08:00-05:00,92.3499984741211,92.3499984741211,92.33999633789062,92.34500122070312,92.34500122070312,3524.0
2022-01-07 15:09:00-05:00,92.34500122070312,92.34500122070312,92.33000183105469,92.33999633789062,92.33999633789062,5161.0
2022-01-07 15:10:00-05:00,92.33499908447266,92.33999633789062,92.32499694824219,92.32499694824219,92.32499694824219,6066.0
2022-01-07 15:11:00-05:00,92.33000183105469,92.33000183105469,92.32499694824219,92.32499694824219,92.32499694824219,4324.0
2022-01-07 15:12:00-05:00,92.33000183105469,92.33000183105469,92.322998046875,92.32499694824219,92.32499694824219,2212.0
2022-01-07 15:13:00-05:00,92.32499694824219,92.32499694824219,92.30999755859375,92.31500244140625,92.31500244140625,9802.0
2022-01-07 15:14:00-05:00,92.30999755859375,92.31999969482422,92.30000305175781,92.30999755859375,92.30999755859375,6712.0
2022-01-07 15:15:00-05:00,92.30500030517578,92.30999755859375,92.30000305175781,92.30500030517578,92.30500030517578,16173.0
2022-01-07 15:16:00-05:00,92.30999755859375,92.30999755859375,92.30000305175781,92.30999755859375,92.30999755859375,6985.0
2022-01-07 15:17:00-05:00,92.30999755859375,92.30999755859375,92.30500030517578,92.30999755859375,92.30999755859375,3712.0
2022-01-07 15:18:00-05:00,92.30999755859375,92.30999755859375,92.30000305175781,92.30999755859375,92.30999755859375,13284.0
2022-01-07 15:19:00-05:00,92.30999755859375,92.31999969482422,92.30500030517578,92.31500244140625,92.31500244140625,4981.0
2022-01-07 15:20:00-05:00,92.31500244140625,92.31999969482422,92.30500030517578,92.30500030517578,92.30500030517578,6390.0
2022-01-07 15:21:00-05:00,92.30500030517578,92.31500244140625,92.30500030517578,92.31500244140625,92.31500244140625,3591.0
2022-01-07 15:22:00-05:00,92.30999755859375,92.31500244140625,92.30999755859375,92.30999755859375,92.30999755859375,2136.0
2022-01-07 15:23:00-05:00,92.31500244140625,92.31999969482422,92.30999755859375,92.31500244140625,92.31500244140625,4971.0
2022-01-07 15:24:00-05:00,92.31500244140625,92.31999969482422,92.31500244140625,92.31500244140625,92.31500244140625,4953.0
2022-01-07 15:25:00-05:00,92.31500244140625,92.33999633789062,92.31500244140625,92.33000183105469,92.33000183105469,22355.0
2022-01-07 15:26:00-05:00,92.33000183105469,92.33000183105469,92.32499694824219,92.32499694824219,92.32499694824219,2680.0
2022-01-07 15:27:00-05:00,92.32160186767578,92.33999633789062,92.32160186767578,92.33999633789062,92.33999633789062,9408.0
2022-01-07 15:28:00-05:00,92.33499908447266,92.33999633789062,92.33000183105469,92.33499908447266,92.33499908447266,9173.0
2022-01-07 15:29:00-05:00,92.33999633789062,92.36000061035156,92.33499908447266,92.3550033569336,92.3550033569336,12250.0
2022-01-07 15:30:00-05:00,92.35379791259766,92.35379791259766,92.34500122070312,92.34500122070312,92.34500122070312,3958.0
2022-01-07 15:31:00-05:00,92.34500122070312,92.36000061035156,92.34500122070312,92.36000061035156,92.36000061035156,5501.0
2022-01-07 15:32:00-05:00,92.3550033569336,92.37000274658203,92.3550033569336,92.36499786376953,92.36499786376953,8498.0
2022-01-07 15:33:00-05:00,92.36000061035156,92.375,92.33999633789062,92.36499786376953,92.36499786376953,24571.0
2022-01-07 15:34:00-05:00,92.37000274658203,92.375,92.36499786376953,92.375,92.375,3893.0
2022-01-07 15:35:00-05:00,92.37999725341797,92.37999725341797,92.37000274658203,92.375,92.375,7100.0
2022-01-07 15:36:00-05:00,92.37999725341797,92.38500213623047,92.37000274658203,92.37000274658203,92.37000274658203,8244.0
2022-01-07 15:37:00-05:00,92.37000274658203,92.375,92.37000274658203,92.375,92.375,3042.0
2022-01-07 15:38:00-05:00,92.375,92.37999725341797,92.37000274658203,92.37000274658203,92.37000274658203,7968.0
2022-01-07 15:39:00-05:00,92.375,92.37899780273438,92.3499984741211,92.3499984741211,92.3499984741211,9910.0
2022-01-07 15:40:00-05:00,92.3550033569336,92.36000061035156,92.32499694824219,92.32499694824219,92.32499694824219,13485.0
2022-01-07 15:41:00-05:00,92.32499694824219,92.3499984741211,92.30999755859375,92.33499908447266,92.33499908447266,118002.0
2022-01-07 15:42:00-05:00,92.33999633789062,92.34500122070312,92.33499908447266,92.33999633789062,92.33999633789062,3848.0
2022-01-07 15:43:00-05:00,92.33999633789062,92.34500122070312,92.31999969482422,92.33499908447266,92.33499908447266,15982.0
2022-01-07 15:44:00-05:00,92.33499908447266,92.33899688720703,92.32499694824219,92.32499694824219,92.32499694824219,8815.0
2022-01-07 15:45:00-05:00,92.32499694824219,92.33999633789062,92.31999969482422,92.33999633789062,92.33999633789062,12743.0
2022-01-07 15:46:00-05:00,92.33999633789062,92.36499786376953,92.33999633789062,92.36000061035156,92.36000061035156,13786.0
2022-01-07 15:47:00-05:00,92.3550033569336,92.375,92.3550033569336,92.36499786376953,92.36499786376953,7115.0
2022-01-07 15:48:00-05:00,92.36499786376953,92.37000274658203,92.34500122070312,92.34500122070312,92.34500122070312,9408.0
2022-01-07 15:49:00-05:00,92.34500122070312,92.3499984741211,92.31999969482422,92.32499694824219,92.32499694824219,15208.0
2022-01-07 15:50:00-05:00,92.31999969482422,92.62999725341797,92.31999969482422,92.43679809570312,92.43679809570312,69085.0
2022-01-07 15:51:00-05:00,92.44000244140625,92.45999908447266,92.4000015258789,92.43499755859375,92.43499755859375,18813.0
2022-01-07 15:52:00-05:00,92.44000244140625,92.44999694824219,92.43000030517578,92.43499755859375,92.43499755859375,13816.0
2022-01-07 15:53:00-05:00,92.43000030517578,92.44000244140625,92.41999816894531,92.43000030517578,92.43000030517578,15276.0
2022-01-07 15:54:00-05:00,92.43000030517578,92.43000030517578,92.36000061035156,92.36499786376953,92.36499786376953,30096.0
2022-01-07 15:55:00-05:00,92.36000061035156,92.36000061035156,92.19000244140625,92.31500244140625,92.31500244140625,139844.0
2022-01-07 15:56:00-05:00,92.31500244140625,92.31999969482422,92.30000305175781,92.31500244140625,92.31500244140625,41215.0
2022-01-07 15:57:00-05:00,92.31500244140625,92.33000183105469,92.30000305175781,92.31999969482422,92.31999969482422,45178.0
2022-01-07 15:58:00-05:00,92.32499694824219,92.36000061035156,92.31999969482422,92.36000061035156,92.36000061035156,32681.0
2022-01-07 15:59:00-05:00,92.36000061035156,92.37000274658203,92.30000305175781,92.30999755859375,92.30999755859375,60208.0
2022-01-10 09:30:00-05:00,92.33699798583984,92.33699798583984,92.16000366210938,92.25,92.25,103974.0
2022-01-10 09:31:00-05:00,92.25499725341797,92.27999877929688,92.22000122070312,92.23500061035156,92.23500061035156,12943.0
2022-01-10 09:32:00-05:00,92.25,92.30000305175781,92.2300033569336,92.25,92.25,22881.0
2022-01-10 09:33:00-05:00,92.25,92.41999816894531,92.2300033569336,92.31999969482422,92.31999969482422,100601.0
2022-01-10 09:34:00-05:00,92.31749725341797,92.33000183105469,92.26000213623047,92.30000305175781,92.30000305175781,21020.0
2022-01-10 09:35:00-05:00,92.30000305175781,92.3499984741211,92.30000305175781,92.31999969482422,92.31999969482422,11377.0
2022-01-10 09:36:00-05:00,92.31500244140625,92.31999969482422,92.29000091552734,92.29499816894531,92.29499816894531,4137.0
2022-01-10 09:37:00-05:00,92.30999755859375,92.33000183105469,92.27999877929688,92.30000305175781,92.30000305175781,17811.0
2022-01-10 09:38:00-05:00,92.30000305175781,92.33000183105469,92.29499816894531,92.30000305175781,92.30000305175781,26879.0
2022-01-10 09:39:00-05:00,92.33999633789062,92.3499984741211,92.33999633789062,92.3499984741211,92.3499984741211,10799.0
2022-01-10 09:40:00-05:00,92.3499984741211,92.37999725341797,92.3499984741211,92.37999725341797,92.37999725341797,11337.0
2022-01-10 09:41:00-05:00,92.38500213623047,92.38999938964844,92.3499984741211,92.38020324707031,92.38020324707031,11757.0
2022-01-10 09:42:00-05:00,92.38500213623047,92.38999938964844,92.3499984741211,92.36000061035156,92.36000061035156,8274.0
2022-01-10 09:43:00-05:00,92.3949966430664,92.3949966430664,92.3949966430664,92.3949966430664,92.3949966430664,9430.0
2022-01-10 09:44:00-05:00,92.3949966430664,92.4000015258789,92.36000061035156,92.36000061035156,92.36000061035156,11683.0
2022-01-10 09:45:00-05:00,92.36000061035156,92.4000015258789,92.3550033569336,92.38500213623047,92.38500213623047,9396.0
2022-01-10 09:46:00-05:00,92.38500213623047,92.45500183105469,92.37999725341797,92.45500183105469,92.45500183105469,6625.0
2022-01-10 09:47:00-05:00,92.41999816894531,92.43000030517578,92.41000366210938,92.41000366210938,92.41000366210938,3199.0
2022-01-10 09:48:00-05:00,92.41999816894531,92.45999908447266,92.38999938964844,92.38999938964844,92.38999938964844,6542.0
2022-01-10 09:49:00-05:00,92.41000366210938,92.41999816894531,92.38999938964844,92.41999816894531,92.41999816894531,7116.0
2022-01-10 09:50:00-05:00,92.33999633789062,92.3499984741211,92.33999633789062,92.3499984741211,92.3499984741211,18262.0
2022-01-10 09:51:00-05:00,92.33999633789062,92.41000366210938,92.33000183105469,92.41000366210938,92.41000366210938,7756.0
2022-01-10 09:52:00-05:00,92.43000030517578,92.43000030517578,92.43000030517578,92.43000030517578,92.43000030517578,6286.0
2022-01-10 09:53:00-05:00,92.41999816894531,92.41999816894531,92.38999938964844,92.4000015258789,92.4000015258789,4570.0
2022-01-10 09:54:00-05:00,92.40499877929688,92.41000366210938,92.38999938964844,92.41000366210938,92.41000366210938,2902.0
2022-01-10 09:55:00-05:00,92.41999816894531,92.41999816894531,92.4000015258789,92.4000015258789,92.4000015258789,4599.0
2022-01-10 09:56:00-05:00,92.43000030517578,92.44000244140625,92.43000030517578,92.44000244140625,92.44000244140625,3019.0
2022-01-10 09:57:00-05:00,92.41999816894531,92.43000030517578,92.41000366210938,92.41999816894531,92.41999816894531,2515.0
2022-01-10 09:58:00-05:00,92.43000030517578,92.43000030517578,92.41000366210938,92.41000366210938,92.41000366210938,7869.0
2022-01-10 09:59:00-05:00,92.41999816894531,92.44000244140625,92.41000366210938,92.41999816894531,92.41999816894531,9808.0
2022-01-10 10:00:00-05:00,92.41000366210938,92.41999816894531,92.41000366210938,92.41999816894531,92.41999816894531,2155.0
2022-01-10 10:01:00-05:00,92.4000015258789,92.4000015258789,92.37999725341797,92.38999938964844,92.38999938964844,7968.0
2022-01-10 10:02:00-05:00,92.38500213623047,92.41500091552734,92.37999725341797,92.41500091552734,92.41500091552734,9988.0
2022-01-10 10:03:00-05:00,92.41000366210938,92.43000030517578,92.40499877929688,92.41999816894531,92.41999816894531,40222.0
2022-01-10 10:04:00-05:00,92.41999816894531,92.41999816894531,92.37000274658203,92.4000015258789,92.4000015258789,6857.0
2022-01-10 10:05:00-05:00,92.38999938964844,92.38999938964844,92.36499786376953,92.37999725341797,92.37999725341797,2544.0
2022-01-10 10:06:00-05:00,92.4000015258789,92.4000015258789,92.33000183105469,92.33000183105469,92.33000183105469,13367.0
2022-01-10 10:07:00-05:00,92.31999969482422,92.33000183105469,92.30999755859375,92.33000183105469,92.33000183105469,15894.0
2022-01-10 10:08:00-05:00,92.33499908447266,92.33499908447266,92.30000305175781,92.30000305175781,92.30000305175781,11862.0
2022-01-10 10:09:00-05:00,92.30000305175781,92.31999969482422,92.29499816894531,92.30999755859375,92.30999755859375,20329.0
2022-01-10 10:10:00-05:00,92.31999969482422,92.36000061035156,92.30000305175781,92.30500030517578,92.30500030517578,19462.0
2022-01-10 10:11:00-05:00,92.30000305175781,92.33000183105469,92.29000091552734,92.33000183105469,92.33000183105469,32248.0
2022-01-10 10:12:00-05:00,92.33000183105469,92.33999633789062,92.31999969482422,92.31999969482422,92.31999969482422,5599.0
2022-01-10 10:13:00-05:00,92.30999755859375,92.30999755859375,92.26000213623047,92.26000213623047,92.26000213623047,5044.0
2022-01-10 10:14:00-05:00,92.26499938964844,92.30999755859375,92.25,92.26000213623047,92.26000213623047,22504.0
2022-01-10 10:15:00-05:00,92.25,92.30000305175781,92.25,92.27999877929688,92.27999877929688,10794.0
2022-01-10 10:16:00-05:00,92.27999877929688,92.29000091552734,92.2699966430664,92.27999877929688,92.27999877929688,6411.0
2022-01-10 10:17:00-05:00,92.2699966430664,92.2699966430664,92.25,92.2699966430664,92.2699966430664,11855.0
2022-01-10 10:18:00-05:00,92.2699966430664,92.2750015258789,92.26000213623047,92.26000213623047,92.26000213623047,5204.0
2022-01-10 10:19:00-05:00,92.26000213623047,92.2699966430664,92.25779724121094,92.2699966430664,92.2699966430664,8133.0
2022-01-10 10:20:00-05:00,92.2699966430664,92.27999877929688,92.2699966430664,92.2699966430664,92.2699966430664,6730.0
2022-01-10 10:21:00-05:00,92.2699966430664,92.29000091552734,92.26000213623047,92.28500366210938,92.28500366210938,5160.0
2022-01-10 10:22:00-05:00,92.28500366210938,92.29000091552734,92.25,92.25499725341797,92.25499725341797,10672.0
2022-01-10 10:23:00-05:00,92.25,92.26499938964844,92.25,92.26499938964844,92.26499938964844,12462.0
2022-01-10 10:24:00-05:00,92.2699966430664,92.2750015258789,92.25499725341797,92.2750015258789,92.2750015258789,6178.0
2022-01-10 10:25:00-05:00,92.2750015258789,92.31999969482422,92.2750015258789,92.30999755859375,92.30999755859375,11440.0
2022-01-10 10:26:00-05:00,92.30999755859375,92.30999755859375,92.2750015258789,92.30000305175781,92.30000305175781,40226.0
2022-01-10 10:27:00-05:00,92.30000305175781,92.30999755859375,92.29000091552734,92.29139709472656,92.29139709472656,8153.0
2022-01-10 10:28:00-05:00,92.29499816894531,92.29499816894531,92.26000213623047,92.26000213623047,92.26000213623047,1669.0
2022-01-10 10:29:00-05:00,92.2699966430664,92.2699966430664,92.26000213623047,92.26499938964844,92.26499938964844,15460.0
2022-01-10 10:30:00-05:00,92.2699966430664,92.31999969482422,92.2699966430664,92.30999755859375,92.30999755859375,32704.0
2022-01-10 10:31:00-05:00,92.30500030517578,92.30999755859375,92.29499816894531,92.30000305175781,92.30000305175781,5511.0
2022-01-10 10:32:00-05:00,92.29499816894531,92.29499816894531,92.26000213623047,92.26000213623047,92.26000213623047,4727.0
2022-01-10 10:33:00-05:00,92.26499938964844,92.27999877929688,92.26000213623047,92.27999877929688,92.27999877929688,3665.0
2022-01-10 10:34:00-05:00,92.2699966430664,92.30999755859375,92.2699966430664,92.30500030517578,92.30500030517578,10145.0
2022-01-10 10:35:00-05:00,92.30999755859375,92.30999755859375,92.29000091552734,92.30000305175781,92.30000305175781,3602.0
2022-01-10 10:36:00-05:00,92.30259704589844,92.3030014038086,92.30000305175781,92.30000305175781,92.30000305175781,943.0
2022-01-10 10:37:00-05:00,92.30000305175781,92.30000305175781,92.28500366210938,92.29499816894531,92.29499816894531,4586.0
2022-01-10 10:38:00-05:00,92.29499816894531,92.29499816894531,92.27999877929688,92.28500366210938,92.28500366210938,3513.0
2022-01-10 10:39:00-05:00,92.29000091552734,92.30000305175781,92.2750015258789,92.30000305175781,92.30000305175781,4437.0
2022-01-10 10:40:00-05:00,92.30500030517578,92.30999755859375,92.30500030517578,92.30999755859375,92.30999755859375,1270.0
2022-01-10 10:41:00-05:00,92.30000305175781,92.33999633789062,92.29000091552734,92.30000305175781,92.30000305175781,15214.0
2022-01-10 10:42:00-05:00,92.29000091552734,92.29000091552734,92.27999877929688,92.28279876708984,92.28279876708984,3130.0
2022-01-10 10:43:00-05:00,92.27999877929688,92.29000091552734,92.2699966430664,92.28500366210938,92.28500366210938,12709.0
2022-01-10 10:44:00-05:00,92.28500366210938,92.29499816894531,92.27999877929688,92.29000091552734,92.29000091552734,4720.0
2022-01-10 10:45:00-05:00,92.29499816894531,92.30500030517578,92.28500366210938,92.28500366210938,92.28500366210938,5459.0
2022-01-10 10:46:00-05:00,92.29000091552734,92.29000091552734,92.2699966430664,92.27999877929688,92.27999877929688,9823.0
2022-01-10 10:47:00-05:00,92.29000091552734,92.30000305175781,92.27999877929688,92.30000305175781,92.30000305175781,4591.0
2022-01-10 10:48:00-05:00,92.29000091552734,92.29000091552734,92.23999786376953,92.26000213623047,92.26000213623047,33308.0
2022-01-10 10:49:00-05:00,92.26000213623047,92.2699966430664,92.25499725341797,92.26300048828125,92.26300048828125,4603.0
2022-01-10 10:50:00-05:00,92.26499938964844,92.27999877929688,92.26499938964844,92.27999877929688,92.27999877929688,3198.0
2022-01-10 10:51:00-05:00,92.2750015258789,92.27999877929688,92.26000213623047,92.26499938964844,92.26499938964844,3356.0
2022-01-10 10:52:00-05:00,92.26499938964844,92.2699966430664,92.23999786376953,92.25499725341797,92.25499725341797,15768.0
2022-01-10 10:53:00-05:00,92.25499725341797,92.26000213623047,92.21499633789062,92.2249984741211,92.2249984741211,20096.0
2022-01-10 10:54:00-05:00,92.22000122070312,92.2300033569336,92.20999908447266,92.22000122070312,92.22000122070312,3725.0
2022-01-10 10:55:00-05:00,92.21499633789062,92.23999786376953,92.20999908447266,92.23500061035156,92.23500061035156,24175.0
2022-01-10 10:56:00-05:00,92.23999786376953,92.25,92.23500061035156,92.24500274658203,92.24500274658203,2082.0
2022-01-10 10:57:00-05:00,92.25,92.25,92.23999786376953,92.25,92.25,5153.0
2022-01-10 10:58:00-05:00,92.25,92.26000213623047,92.24500274658203,92.25,92.25,13332.0
2022-01-10 10:59:00-05:00,92.25,92.2699966430664,92.24500274658203,92.2699966430664,92.2699966430664,11133.0
2022-01-10 11:00:00-05:00,92.26000213623047,92.26000213623047,92.24500274658203,92.24500274658203,92.24500274658203,3897.0
2022-01-10 11:01:00-05:00,92.23500061035156,92.23999786376953,92.22000122070312,92.22000122070312,92.22000122070312,12280.0
2022-01-10 11:02:00-05:00,92.22000122070312,92.2249984741211,92.20999908447266,92.21499633789062,92.21499633789062,6602.0
2022-01-10 11:03:00-05:00,92.20999908447266,92.21499633789062,92.19499969482422,92.20500183105469,92.20500183105469,50495.0
2022-01-10 11:04:00-05:00,92.19999694824219,92.20999908447266,92.19999694824219,92.20500183105469,92.20500183105469,4957.0
2022-01-10 11:05:00-05:00,92.20999908447266,92.2249984741211,92.19999694824219,92.2249984741211,92.2249984741211,21559.0
2022-01-10 11:06:00-05:00,92.22000122070312,92.23500061035156,92.22000122070312,92.2300033569336,92.2300033569336,9878.0
2022-01-10 11:07:00-05:00,92.2323989868164,92.2323989868164,92.22000122070312,92.2249984741211,92.2249984741211,20371.0
2022-01-10 11:08:00-05:00,92.2249984741211,92.23999786376953,92.22000122070312,92.2300033569336,92.2300033569336,10235.0
2022-01-10 11:09:00-05:00,92.2300033569336,92.25,92.2249984741211,92.23999786376953,92.23999786376953,7090.0
2022-01-10 11:10:00-05:00,92.2300033569336,92.2300033569336,92.17500305175781,92.18499755859375,92.18499755859375,9940.0
2022-01-10 11:11:00-05:00,92.19000244140625,92.21499633789062,92.19000244140625,92.21499633789062,92.21499633789062,5114.0
2022-01-10 11:12:00-05:00,92.22000122070312,92.2300033569336,92.21499633789062,92.2300033569336,92.2300033569336,3592.0
2022-01-10 11:13:00-05:00,92.2300033569336,92.23999786376953,92.20500183105469,92.2300033569336,92.2300033569336,33611.0
2022-01-10 11:14:00-05:00,92.20999908447266,92.22000122070312,92.19000244140625,92.19499969482422,92.19499969482422,5121.0
2022-01-10 11:15:00-05:00,92.19499969482422,92.21499633789062,92.19000244140625,92.19499969482422,92.19499969482422,8417.0
2022-01-10 11:16:00-05:00,92.19000244140625,92.19499969482422,92.16999816894531,92.17500305175781,92.17500305175781,5355.0
2022-01-10 11:17:00-05:00,92.17500305175781,92.22000122070312,92.16999816894531,92.22000122070312,92.22000122070312,12084.0
2022-01-10 11:18:00-05:00,92.2300033569336,92.23500061035156,92.19999694824219,92.20500183105469,92.20500183105469,8430.0
2022-01-10 11:19:00-05:00,92.20999908447266,92.23500061035156,92.20999908447266,92.2300033569336,92.2300033569336,10797.0
2022-01-10 11:20:00-05:00,92.2300033569336,92.23999786376953,92.2300033569336,92.23500061035156,92.23500061035156,5415.0
2022-01-10 11:21:00-05:00,92.23500061035156,92.23999786376953,92.2249984741211,92.23999786376953,92.23999786376953,11570.0
2022-01-10 11:22:00-05:00,92.23999786376953,92.25,92.23500061035156,92.24500274658203,92.24500274658203,8169.0
2022-01-10 11:23:00-05:00,92.23999786376953,92.25,92.23999786376953,92.25,92.25,6575.0
2022-01-10 11:24:00-05:00,92.25,92.2699966430664,92.23999786376953,92.23999786376953,92.23999786376953,12022.0
2022-01-10 11:25:00-05:00,92.25,92.25,92.2300033569336,92.23999786376953,92.23999786376953,6662.0
2022-01-10 11:26:00-05:00,92.23999786376953,92.25,92.23500061035156,92.23999786376953,92.23999786376953,22956.0
2022-01-10 11:27:00-05:00,92.23500061035156,92.23799896240234,92.2300033569336,92.23500061035156,92.23500061035156,3544.0
2022-01-10 11:28:00-05:00,92.23500061035156,92.23999786376953,92.2300033569336,92.23500061035156,92.23500061035156,4989.0
2022-01-10 11:29:00-05:00,92.2300033569336,92.23999786376953,92.2300033569336,92.23999786376953,92.23999786376953,3194.0
2022-01-10 11:30:00-05:00,92.2300033569336,92.2300033569336,92.19499969482422,92.19999694824219,92.19999694824219,17300.0
2022-01-10 11:31:00-05:00,92.19499969482422,92.20500183105469,92.19000244140625,92.19499969482422,92.19499969482422,1788.0
2022-01-10 11:32:00-05:00,92.19850158691406,92.19850158691406,92.19000244140625,92.19499969482422,92.19499969482422,1473.0
2022-01-10 11:33:00-05:00,92.19499969482422,92.19999694824219,92.18499755859375,92.18499755859375,92.18499755859375,2665.0
2022-01-10 11:34:00-05:00,92.18000030517578,92.18499755859375,92.16999816894531,92.16999816894531,92.16999816894531,6779.0
2022-01-10 11:35:00-05:00,92.17500305175781,92.19999694824219,92.17500305175781,92.19499969482422,92.19499969482422,7890.0
2022-01-10 11:36:00-05:00,92.19499969482422,92.2300033569336,92.19499969482422,92.2249984741211,92.2249984741211,7304.0
2022-01-10 11:37:00-05:00,92.2249984741211,92.2300033569336,92.22000122070312,92.2300033569336,92.2300033569336,3385.0
2022-01-10 11:38:00-05:00,92.22000122070312,92.22000122070312,92.22000122070312,92.22000122070312,92.22000122070312,112.0
2022-01-10 11:39:00-05:00,92.2249984741211,92.2249984741211,92.20500183105469,92.2249984741211,92.2249984741211,4410.0
2022-01-10 11:40:00-05:00,92.2300033569336,92.2699966430664,92.2300033569336,92.2699966430664,92.2699966430664,27825.0
2022-01-10 11:41:00-05:00,92.2750015258789,92.27999877929688,92.2699966430664,92.27999877929688,92.27999877929688,3593.0
2022-01-10 11:42:00-05:00,92.29000091552734,92.29000091552734,92.2699966430664,92.2699966430664,92.2699966430664,4445.0
2022-01-10 11:43:00-05:00,92.2750015258789,92.29000091552734,92.26000213623047,92.27999877929688,92.27999877929688,4419.0
2022-01-10 11:44:00-05:00,92.29000091552734,92.31999969482422,92.29000091552734,92.3102035522461,92.3102035522461,20296.0
2022-01-10 11:45:00-05:00,92.31500244140625,92.31500244140625,92.2750015258789,92.30000305175781,92.30000305175781,6151.0
2022-01-10 11:46:00-05:00,92.30000305175781,92.31500244140625,92.30000305175781,92.30999755859375,92.30999755859375,1822.0
2022-01-10 11:47:00-05:00,92.30999755859375,92.31999969482422,92.30000305175781,92.31999969482422,92.31999969482422,2041.0
2022-01-10 11:48:00-05:00,92.33000183105469,92.37000274658203,92.33000183105469,92.3499984741211,92.3499984741211,6859.0
2022-01-10 11:49:00-05:00,92.37000274658203,92.38999938964844,92.37000274658203,92.38500213623047,92.38500213623047,4936.0
2022-01-10 11:50:00-05:00,92.37999725341797,92.37999725341797,92.30000305175781,92.30999755859375,92.30999755859375,14994.0
2022-01-10 11:51:00-05:00,92.30500030517578,92.30999755859375,92.30500030517578,92.30999755859375,92.30999755859375,1789.0
2022-01-10 11:52:00-05:00,92.30999755859375,92.30999755859375,92.30999755859375,92.30999755859375,92.30999755859375,1395.0
2022-01-10 11:53:00-05:00,92.30999755859375,92.31999969482422,92.30000305175781,92.30999755859375,92.30999755859375,13390.0
2022-01-10 11:54:00-05:00,92.30999755859375,92.30999755859375,92.30000305175781,92.30000305175781,92.30000305175781,1651.0
2022-01-10 11:55:00-05:00,92.30999755859375,92.30999755859375,92.29000091552734,92.30500030517578,92.30500030517578,5230.0
2022-01-10 11:56:00-05:00,92.30500030517578,92.30500030517578,92.30500030517578,92.30500030517578,92.30500030517578,138.0
2022-01-10 11:57:00-05:00,92.30000305175781,92.30999755859375,92.28500366210938,92.30999755859375,92.30999755859375,22003.0
2022-01-10 11:58:00-05:00,92.30000305175781,92.30999755859375,92.30000305175781,92.30999755859375,92.30999755859375,2511.0
2022-01-10 11:59:00-05:00,92.30999755859375,92.31999969482422,92.29499816894531,92.30999755859375,92.30999755859375,8807.0
2022-01-10 12:01:00-05:00,92.33000183105469,92.33000183105469,92.31999969482422,92.31999969482422,92.31999969482422,1258.0
2022-01-10 12:02:00-05:00,92.31999969482422,92.31999969482422,92.30000305175781,92.30000305175781,92.30000305175781,3476.0
2022-01-10 12:03:00-05:00,92.30999755859375,92.30999755859375,92.29499816894531,92.30000305175781,92.30000305175781,5579.0
2022-01-10 12:04:00-05:00,92.30000305175781,92.30999755859375,92.28500366210938,92.30000305175781,92.30000305175781,4788.0
2022-01-10 12:05:00-05:00,92.29000091552734,92.30999755859375,92.28500366210938,92.30999755859375,92.30999755859375,2608.0
2022-01-10 12:06:00-05:00,92.30999755859375,92.30999755859375,92.29859924316406,92.30500030517578,92.30500030517578,6065.0
2022-01-10 12:07:00-05:00,92.30000305175781,92.30999755859375,92.28500366210938,92.30999755859375,92.30999755859375,6489.0
2022-01-10 12:08:00-05:00,92.30000305175781,92.30000305175781,92.30000305175781,92.30000305175781,92.30000305175781,784.0
2022-01-10 12:09:00-05:00,92.30000305175781,92.30999755859375,92.29000091552734,92.30999755859375,92.30999755859375,15664.0
2022-01-10 12:10:00-05:00,92.30999755859375,92.32450103759766,92.30500030517578,92.32450103759766,92.32450103759766,4832.0
2022-01-10 12:11:00-05:00,92.31999969482422,92.31999969482422,92.30999755859375,92.30999755859375,92.30999755859375,2466.0
2022-01-10 12:12:00-05:00,92.30500030517578,92.30999755859375,92.30000305175781,92.30999755859375,92.30999755859375,4659.0
2022-01-10 12:13:00-05:00,92.30999755859375,92.31999969482422,92.30999755859375,92.31999969482422,92.31999969482422,1888.0
2022-01-10 12:14:00-05:00,92.31999969482422,92.33999633789062,92.31999969482422,92.33999633789062,92.33999633789062,1213.0
2022-01-10 12:15:00-05:00,92.33999633789062,92.33999633789062,92.33000183105469,92.33000183105469,92.33000183105469,597.0
2022-01-10 12:16:00-05:00,92.33000183105469,92.3499984741211,92.31500244140625,92.33999633789062,92.33999633789062,4531.0
2022-01-10 12:17:00-05:00,92.33999633789062,92.33999633789062,92.32499694824219,92.33999633789062,92.33999633789062,1480.0
2022-01-10 12:18:00-05:00,92.33000183105469,92.33999633789062,92.31999969482422,92.33499908447266,92.33499908447266,4519.0
2022-01-10 12:19:00-05:00,92.33000183105469,92.33000183105469,92.31999969482422,92.32589721679688,92.32589721679688,3799.0
2022-01-10 12:20:00-05:00,92.32499694824219,92.3499984741211,92.31500244140625,92.3499984741211,92.3499984741211,6101.0
2022-01-10 12:21:00-05:00,92.37000274658203,92.37999725341797,92.3499984741211,92.3499984741211,92.3499984741211,5263.0
2022-01-10 12:22:00-05:00,92.37000274658203,92.37999725341797,92.36000061035156,92.37010192871094,92.37010192871094,2227.0
2022-01-10 12:23:00-05:00,92.37000274658203,92.37000274658203,92.33999633789062,92.33999633789062,92.33999633789062,1266.0
2022-01-10 12:24:00-05:00,92.33000183105469,92.37999725341797,92.33000183105469,92.37999725341797,92.37999725341797,5095.0
2022-01-10 12:25:00-05:00,92.375,92.37999725341797,92.375,92.37999725341797,92.37999725341797,2603.0
2022-01-10 12:26:00-05:00,92.375,92.37999725341797,92.37000274658203,92.37000274658203,92.37000274658203,1597.0
2022-01-10 12:27:00-05:00,92.37999725341797,92.37999725341797,92.37999725341797,92.37999725341797,92.37999725341797,2371.0
2022-01-10 12:28:00-05:00,92.37999725341797,92.38999938964844,92.37999725341797,92.38999938964844,92.38999938964844,2893.0
2022-01-10 12:29:00-05:00,92.37999725341797,92.37999725341797,92.36000061035156,92.36000061035156,92.36000061035156,28259.0
2022-01-10 12:30:00-05:00,92.37000274658203,92.4000015258789,92.36499786376953,92.4000015258789,92.4000015258789,5226.0
2022-01-10 12:31:00-05:00,92.3949966430664,92.45999908447266,92.3949966430664,92.44999694824219,92.44999694824219,36061.0
2022-01-10 12:32:00-05:00,92.44000244140625,92.44000244140625,92.38500213623047,92.38500213623047,92.38500213623047,30454.0
2022-01-10 12:33:00-05:00,92.38500213623047,92.38500213623047,92.38500213623047,92.38500213623047,92.38500213623047,1315.0
2022-01-10 12:34:00-05:00,92.38999938964844,92.43000030517578,92.38500213623047,92.43000030517578,92.43000030517578,3944.0
2022-01-10 12:35:00-05:00,92.41999816894531,92.41999816894531,92.40499877929688,92.40499877929688,92.40499877929688,2045.0
2022-01-10 12:36:00-05:00,92.38999938964844,92.41999816894531,92.38999938964844,92.41999816894531,92.41999816894531,2511.0
2022-01-10 12:37:00-05:00,92.41000366210938,92.41000366210938,92.41000366210938,92.41000366210938,92.41000366210938,445.0
2022-01-10 12:38:00-05:00,92.4000015258789,92.41000366210938,92.4000015258789,92.41000366210938,92.41000366210938,1087.0
2022-01-10 12:39:00-05:00,92.4000015258789,92.4000015258789,92.4000015258789,92.4000015258789,92.4000015258789,469.0
2022-01-10 12:40:00-05:00,92.4000015258789,92.41000366210938,92.4000015258789,92.41000366210938,92.41000366210938,1185.0
2022-01-10 12:41:00-05:00,92.41999816894531,92.44999694824219,92.41999816894531,92.42500305175781,92.42500305175781,5776.0
2022-01-10 12:42:00-05:00,92.43000030517578,92.44999694824219,92.43000030517578,92.44650268554688,92.44650268554688,1382.0
2022-01-10 12:43:00-05:00,92.44000244140625,92.44000244140625,92.43000030517578,92.43280029296875,92.43280029296875,2427.0
2022-01-10 12:44:00-05:00,92.43000030517578,92.43000030517578,92.41999816894531,92.41999816894531,92.41999816894531,1803.0
2022-01-10 12:45:00-05:00,92.41999816894531,92.44000244140625,92.41999816894531,92.41999816894531,92.41999816894531,6158.0
2022-01-10 12:46:00-05:00,92.41000366210938,92.41000366210938,92.38999938964844,92.4000015258789,92.4000015258789,4159.0
2022-01-10 12:47:00-05:00,92.4000015258789,92.4000015258789,92.38999938964844,92.38999938964844,92.38999938964844,3854.0
2022-01-10 12:48:00-05:00,92.38999938964844,92.38999938964844,92.38999938964844,92.38999938964844,92.38999938964844,1161.0
2022-01-10 12:49:00-05:00,92.37999725341797,92.37999725341797,92.37000274658203,92.37000274658203,92.37000274658203,2627.0
2022-01-10 12:50:00-05:00,92.36000061035156,92.36000061035156,92.3499984741211,92.3550033569336,92.3550033569336,4077.0
2022-01-10 12:51:00-05:00,92.3499984741211,92.3499984741211,92.33000183105469,92.3499984741211,92.3499984741211,15981.0
2022-01-10 12:52:00-05:00,92.36000061035156,92.4000015258789,92.3499984741211,92.4000015258789,92.4000015258789,4767.0
2022-01-10 12:53:00-05:00,92.40499877929688,92.41999816894531,92.4000015258789,92.4000015258789,92.4000015258789,2709.0
2022-01-10 12:54:00-05:00,92.4000015258789,92.4000015258789,92.38999938964844,92.38999938964844,92.38999938964844,481.0
2022-01-10 12:55:00-05:00,92.36000061035156,92.36000061035156,92.36000061035156,92.36000061035156,92.36000061035156,723.0
2022-01-10 12:56:00-05:00,92.37999725341797,92.38999938964844,92.36499786376953,92.38999938964844,92.38999938964844,14698.0
2022-01-10 12:57:00-05:00,92.38999938964844,92.38999938964844,92.36000061035156,92.36000061035156,92.36000061035156,2673.0
2022-01-10 12:58:00-05:00,92.36000061035156,92.36000061035156,92.33000183105469,92.33000183105469,92.33000183105469,3709.0
2022-01-10 12:59:00-05:00,92.33999633789062,92.33999633789062,92.33999633789062,92.33999633789062,92.33999633789062,1562.0
2022-01-10 13:00:00-05:00,92.3499984741211,92.37000274658203,92.33999633789062,92.34500122070312,92.34500122070312,11052.0
2022-01-10 13:01:00-05:00,92.37000274658203,92.37000274658203,92.36000061035156,92.36000061035156,92.36000061035156,520.0
2022-01-10 13:02:00-05:00,92.33999633789062,92.33999633789062,92.33999633789062,92.33999633789062,92.33999633789062,831.0
2022-01-10 13:03:00-05:00,92.3499984741211,92.37000274658203,92.3499984741211,92.37000274658203,92.37000274658203,1358.0
2022-01-10 13:05:00-05:00,92.36009979248047,92.37000274658203,92.36009979248047,92.37000274658203,92.37000274658203,3226.0
2022-01-10 13:06:00-05:00,92.36000061035156,92.36000061035156,92.33999633789062,92.33999633789062,92.33999633789062,2631.0
2022-01-10 13:07:00-05:00,92.34500122070312,92.34500122070312,92.33000183105469,92.33000183105469,92.33000183105469,3829.0
2022-01-10 13:08:00-05:00,92.31999969482422,92.33000183105469,92.31999969482422,92.33000183105469,92.33000183105469,3567.0
2022-01-10 13:09:00-05:00,92.33999633789062,92.33999633789062,92.33499908447266,92.33999633789062,92.33999633789062,2148.0
2022-01-10 13:10:00-05:00,92.33499908447266,92.33499908447266,92.33499908447266,92.33499908447266,92.33499908447266,262.0
2022-01-10 13:11:00-05:00,92.33999633789062,92.3499984741211,92.31999969482422,92.33000183105469,92.33000183105469,16171.0
2022-01-10 13:12:00-05:00,92.33000183105469,92.33000183105469,92.31999969482422,92.32499694824219,92.32499694824219,3905.0
2022-01-10 13:13:00-05:00,92.33000183105469,92.33000183105469,92.33000183105469,92.33000183105469,92.33000183105469,308.0
2022-01-10 13:14:00-05:00,92.31999969482422,92.31999969482422,92.31999969482422,92.31999969482422,92.31999969482422,1089.0
2022-01-10 13:15:00-05:00,92.31999969482422,92.33000183105469,92.30000305175781,92.30000305175781,92.30000305175781,44235.0
2022-01-10 13:16:00-05:00,92.30999755859375,92.30999755859375,92.29000091552734,92.30000305175781,92.30000305175781,9666.0
2022-01-10 13:17:00-05:00,92.29000091552734,92.29000091552734,92.26000213623047,92.26000213623047,92.26000213623047,5073.0
2022-01-10 13:18:00-05:00,92.25,92.27999877929688,92.25,92.27999877929688,92.27999877929688,5692.0
2022-01-10 13:19:00-05:00,92.2699966430664,92.2699966430664,92.2699966430664,92.2699966430664,92.2699966430664,649.0
2022-01-10 13:20:00-05:00,92.27999877929688,92.27999877929688,92.25,92.25,92.25,8398.0
2022-01-10 13:21:00-05:00,92.25,92.25,92.2300033569336,92.25,92.25,11568.0
2022-01-10 13:22:00-05:00,92.25,92.2750015258789,92.25,92.2750015258789,92.2750015258789,3785.0
2022-01-10 13:23:00-05:00,92.27999877929688,92.31999969482422,92.2699966430664,92.30000305175781,92.30000305175781,6225.0
2022-01-10 13:24:00-05:00,92.30500030517578,92.30999755859375,92.29499816894531,92.30000305175781,92.30000305175781,3086.0
2022-01-10 13:25:00-05:00,92.27999877929688,92.29000091552734,92.2699966430664,92.27999877929688,92.27999877929688,1841.0
2022-01-10 13:26:00-05:00,92.29000091552734,92.29000091552734,92.27999877929688,92.27999877929688,92.27999877929688,1024.0
2022-01-10 13:27:00-05:00,92.27999877929688,92.27999877929688,92.27999877929688,92.27999877929688,92.27999877929688,581.0
2022-01-10 13:28:00-05:00,92.27999877929688,92.29000091552734,92.27999877929688,92.27999877929688,92.27999877929688,3304.0
2022-01-10 13:29:00-05:00,92.27999877929688,92.29000091552734,92.2699966430664,92.29000091552734,92.29000091552734,1307.0
2022-01-10 13:30:00-05:00,92.27999877929688,92.27999877929688,92.2750015258789,92.27999877929688,92.27999877929688,1238.0
2022-01-10 13:31:00-05:00,92.27999877929688,92.30000305175781,92.27999877929688,92.29010009765625,92.29010009765625,5105.0
2022-01-10 13:32:00-05:00,92.29000091552734,92.30000305175781,92.27999877929688,92.27999877929688,92.27999877929688,3664.0
2022-01-10 13:33:00-05:00,92.27999877929688,92.27999877929688,92.27999877929688,92.27999877929688,92.27999877929688,262.0
2022-01-10 13:34:00-05:00,92.2750015258789,92.27999877929688,92.26499938964844,92.27999877929688,92.27999877929688,7164.0
2022-01-10 13:35:00-05:00,92.2750015258789,92.27999877929688,92.2750015258789,92.2750015258789,92.2750015258789,859.0
2022-01-10 13:36:00-05:00,92.2699966430664,92.27999877929688,92.26499938964844,92.27999877929688,92.27999877929688,4700.0
2022-01-10 13:37:00-05:00,92.2699966430664,92.27999877929688,92.26499938964844,92.2699966430664,92.2699966430664,3416.0
2022-01-10 13:38:00-05:00,92.26000213623047,92.26000213623047,92.25499725341797,92.25499725341797,92.25499725341797,1500.0
2022-01-10 13:39:00-05:00,92.25499725341797,92.26000213623047,92.25,92.26000213623047,92.26000213623047,3400.0
2022-01-10 13:40:00-05:00,92.26940155029297,92.29000091552734,92.26940155029297,92.29000091552734,92.29000091552734,2749.0
2022-01-10 13:41:00-05:00,92.29000091552734,92.30999755859375,92.29000091552734,92.30500030517578,92.30500030517578,2278.0
2022-01-10 13:42:00-05:00,92.30500030517578,92.30999755859375,92.30000305175781,92.30500030517578,92.30500030517578,5187.0
2022-01-10 13:43:00-05:00,92.30999755859375,92.30999755859375,92.30000305175781,92.30999755859375,92.30999755859375,14624.0
2022-01-10 13:44:00-05:00,92.30999755859375,92.33999633789062,92.27999877929688,92.27999877929688,92.27999877929688,67134.0
2022-01-10 13:45:00-05:00,92.29000091552734,92.31999969482422,92.2699966430664,92.30999755859375,92.30999755859375,6649.0
2022-01-10 13:46:00-05:00,92.30999755859375,92.33000183105469,92.27999877929688,92.27999877929688,92.27999877929688,9552.0
2022-01-10 13:47:00-05:00,92.2699966430664,92.29000091552734,92.2699966430664,92.28500366210938,92.28500366210938,1504.0
2022-01-10 13:48:00-05:00,92.29000091552734,92.29000091552734,92.27999877929688,92.28500366210938,92.28500366210938,3495.0
2022-01-10 13:49:00-05:00,92.27999877929688,92.27999877929688,92.26499938964844,92.26499938964844,92.26499938964844,4416.0
2022-01-10 13:50:00-05:00,92.2699966430664,92.29000091552734,92.2699966430664,92.29000091552734,92.29000091552734,2582.0
2022-01-10 13:51:00-05:00,92.30000305175781,92.30000305175781,92.2750015258789,92.2750015258789,92.2750015258789,2574.0
2022-01-10 13:52:00-05:00,92.2750015258789,92.27999877929688,92.2750015258789,92.27999877929688,92.27999877929688,817.0
2022-01-10 13:53:00-05:00,92.27999877929688,92.29000091552734,92.2780990600586,92.29000091552734,92.29000091552734,1425.0
2022-01-10 13:54:00-05:00,92.27069854736328,92.2750015258789,92.27069854736328,92.2750015258789,92.2750015258789,515.0
2022-01-10 13:55:00-05:00,92.2699966430664,92.2699966430664,92.26000213623047,92.26499938964844,92.26499938964844,8541.0
2022-01-10 13:56:00-05:00,92.2699966430664,92.2699966430664,92.24500274658203,92.26000213623047,92.26000213623047,11906.0
2022-01-10 13:57:00-05:00,92.26000213623047,92.27999877929688,92.24500274658203,92.26000213623047,92.26000213623047,14331.0
2022-01-10 13:58:00-05:00,92.26000213623047,92.29000091552734,92.26000213623047,92.28500366210938,92.28500366210938,3606.0
2022-01-10 13:59:00-05:00,92.29000091552734,92.29000091552734,92.27999877929688,92.29000091552734,92.29000091552734,1260.0
2022-01-10 14:00:00-05:00,92.28500366210938,92.28500366210938,92.26000213623047,92.2699966430664,92.2699966430664,6992.0
2022-01-10 14:01:00-05:00,92.2750015258789,92.29000091552734,92.2750015258789,92.29000091552734,92.29000091552734,1604.0
2022-01-10 14:02:00-05:00,92.29000091552734,92.30000305175781,92.28500366210938,92.2926025390625,92.2926025390625,5432.0
2022-01-10 14:03:00-05:00,92.29000091552734,92.29000091552734,92.27999877929688,92.27999877929688,92.27999877929688,1586.0
2022-01-10 14:04:00-05:00,92.29000091552734,92.30999755859375,92.28500366210938,92.30500030517578,92.30500030517578,11768.0
2022-01-10 14:05:00-05:00,92.30999755859375,92.32499694824219,92.30000305175781,92.30500030517578,92.30500030517578,36513.0
2022-01-10 14:06:00-05:00,92.30999755859375,92.31999969482422,92.29000091552734,92.30999755859375,92.30999755859375,10672.0
2022-01-10 14:07:00-05:00,92.30999755859375,92.31999969482422,92.30999755859375,92.31999969482422,92.31999969482422,7020.0
2022-01-10 14:08:00-05:00,92.31999969482422,92.31999969482422,92.30000305175781,92.30999755859375,92.30999755859375,6980.0
2022-01-10 14:09:00-05:00,92.30500030517578,92.30999755859375,92.30500030517578,92.30999755859375,92.30999755859375,2405.0
2022-01-10 14:10:00-05:00,92.30000305175781,92.30000305175781,92.29000091552734,92.30000305175781,92.30000305175781,4508.0
2022-01-10 14:11:00-05:00,92.30999755859375,92.30999755859375,92.30999755859375,92.30999755859375,92.30999755859375,1951.0
2022-01-10 14:12:00-05:00,92.30999755859375,92.30999755859375,92.30500030517578,92.30500030517578,92.30500030517578,820.0
2022-01-10 14:13:00-05:00,92.30000305175781,92.30999755859375,92.30000305175781,92.30999755859375,92.30999755859375,2926.0
2022-01-10 14:14:00-05:00,92.30999755859375,92.30999755859375,92.30500030517578,92.30500030517578,92.30500030517578,2940.0
2022-01-10 14:15:00-05:00,92.30999755859375,92.31999969482422,92.30500030517578,92.31500244140625,92.31500244140625,5502.0
2022-01-10 14:16:00-05:00,92.31999969482422,92.32499694824219,92.30999755859375,92.31999969482422,92.31999969482422,10139.0
2022-01-10 14:17:00-05:00,92.31500244140625,92.31999969482422,92.30000305175781,92.30999755859375,92.30999755859375,4510.0
2022-01-10 14:18:00-05:00,92.30000305175781,92.30999755859375,92.2750015258789,92.30500030517578,92.30500030517578,8792.0
2022-01-10 14:19:00-05:00,92.30500030517578,92.30999755859375,92.30000305175781,92.30000305175781,92.30000305175781,1268.0
2022-01-10 14:20:00-05:00,92.30999755859375,92.30999755859375,92.30999755859375,92.30999755859375,92.30999755859375,2941.0
2022-01-10 14:21:00-05:00,92.31999969482422,92.31999969482422,92.29000091552734,92.29000091552734,92.29000091552734,4542.0
2022-01-10 14:22:00-05:00,92.29000091552734,92.29000091552734,92.27999877929688,92.29000091552734,92.29000091552734,8059.0
2022-01-10 14:23:00-05:00,92.29000091552734,92.30000305175781,92.29000091552734,92.29000091552734,92.29000091552734,1767.0
2022-01-10 14:24:00-05:00,92.30000305175781,92.3499984741211,92.30000305175781,92.3499984741211,92.3499984741211,6321.0
2022-01-10 14:25:00-05:00,92.33999633789062,92.36000061035156,92.33999633789062,92.3499984741211,92.3499984741211,3512.0
2022-01-10 14:26:00-05:00,92.3499984741211,92.37000274658203,92.34500122070312,92.3499984741211,92.3499984741211,49326.0
2022-01-10 14:27:00-05:00,92.3499984741211,92.36000061035156,92.33999633789062,92.36000061035156,92.36000061035156,5059.0
2022-01-10 14:28:00-05:00,92.33999633789062,92.3499984741211,92.30000305175781,92.31500244140625,92.31500244140625,82307.0
2022-01-10 14:29:00-05:00,92.31500244140625,92.31500244140625,92.29000091552734,92.30000305175781,92.30000305175781,3336.0
2022-01-10 14:30:00-05:00,92.29000091552734,92.30999755859375,92.29000091552734,92.30500030517578,92.30500030517578,6567.0
2022-01-10 14:31:00-05:00,92.30999755859375,92.3499984741211,92.30500030517578,92.34500122070312,92.34500122070312,7288.0
2022-01-10 14:32:00-05:00,92.3499984741211,92.3550033569336,92.3311996459961,92.3499984741211,92.3499984741211,2850.0
2022-01-10 14:33:00-05:00,92.3499984741211,92.36000061035156,92.33999633789062,92.33999633789062,92.33999633789062,2932.0
2022-01-10 14:34:00-05:00,92.34500122070312,92.36000061035156,92.33999633789062,92.3550033569336,92.3550033569336,4148.0
2022-01-10 14:35:00-05:00,92.3550033569336,92.3550033569336,92.33999633789062,92.34500122070312,92.34500122070312,3398.0
2022-01-10 14:36:00-05:00,92.33000183105469,92.33000183105469,92.30000305175781,92.31999969482422,92.31999969482422,28686.0
2022-01-10 14:37:00-05:00,92.31999969482422,92.33000183105469,92.30999755859375,92.31999969482422,92.31999969482422,30295.0
2022-01-10 14:38:00-05:00,92.31999969482422,92.33999633789062,92.31999969482422,92.33999633789062,92.33999633789062,4620.0
2022-01-10 14:39:00-05:00,92.33999633789062,92.33999633789062,92.33999633789062,92.33999633789062,92.33999633789062,426.0
2022-01-10 14:40:00-05:00,92.33999633789062,92.33999633789062,92.31999969482422,92.33999633789062,92.33999633789062,5275.0
2022-01-10 14:41:00-05:00,92.33000183105469,92.33999633789062,92.33000183105469,92.33000183105469,92.33000183105469,2732.0
2022-01-10 14:42:00-05:00,92.33000183105469,92.33499908447266,92.33000183105469,92.33000183105469,92.33000183105469,5381.0
2022-01-10 14:43:00-05:00,92.31999969482422,92.31999969482422,92.30000305175781,92.30999755859375,92.30999755859375,2529.0
2022-01-10 14:44:00-05:00,92.30000305175781,92.31999969482422,92.30000305175781,92.31999969482422,92.31999969482422,1752.0
2022-01-10 14:45:00-05:00,92.30999755859375,92.3499984741211,92.30999755859375,92.3499984741211,92.3499984741211,3913.0
2022-01-10 14:46:00-05:00,92.33999633789062,92.33999633789062,92.31999969482422,92.31999969482422,92.31999969482422,1922.0
2022-01-10 14:47:00-05:00,92.33999633789062,92.33999633789062,92.33999633789062,92.33999633789062,92.33999633789062,1792.0
2022-01-10 14:48:00-05:00,92.33999633789062,92.36000061035156,92.33999633789062,92.3499984741211,92.3499984741211,2251.0
2022-01-10 14:49:00-05:00,92.33999633789062,92.33999633789062,92.33999633789062,92.33999633789062,92.33999633789062,619.0
2022-01-10 14:50:00-05:00,92.34500122070312,92.3499984741211,92.33000183105469,92.33000183105469,92.33000183105469,5236.0
2022-01-10 14:51:00-05:00,92.32499694824219,92.3499984741211,92.31999969482422,92.33999633789062,92.33999633789062,9815.0
2022-01-10 14:52:00-05:00,92.33000183105469,92.33499908447266,92.31999969482422,92.33499908447266,92.33499908447266,2492.0
2022-01-10 14:53:00-05:00,92.33000183105469,92.3499984741211,92.31999969482422,92.34500122070312,92.34500122070312,3490.0
2022-01-10 14:54:00-05:00,92.34500122070312,92.36000061035156,92.33999633789062,92.33999633789062,92.33999633789062,11250.0
2022-01-10 14:55:00-05:00,92.3499984741211,92.37000274658203,92.33999633789062,92.36000061035156,92.36000061035156,11394.0
2022-01-10 14:56:00-05:00,92.3550033569336,92.36000061035156,92.3499984741211,92.36000061035156,92.36000061035156,5038.0
2022-01-10 14:57:00-05:00,92.36000061035156,92.36000061035156,92.3499984741211,92.3499984741211,92.3499984741211,3693.0
2022-01-10 14:58:00-05:00,92.34500122070312,92.36000061035156,92.34500122070312,92.36000061035156,92.36000061035156,771.0
2022-01-10 14:59:00-05:00,92.3499984741211,92.37000274658203,92.3499984741211,92.36000061035156,92.36000061035156,2255.0
2022-01-10 15:00:00-05:00,92.37000274658203,92.37999725341797,92.37000274658203,92.375,92.375,11514.0
2022-01-10 15:01:00-05:00,92.3499984741211,92.3499984741211,92.33999633789062,92.3499984741211,92.3499984741211,10160.0
2022-01-10 15:02:00-05:00,92.33999633789062,92.3499984741211,92.31999969482422,92.32499694824219,92.32499694824219,16626.0
2022-01-10 15:03:00-05:00,92.33000183105469,92.3499984741211,92.30999755859375,92.33999633789062,92.33999633789062,59566.0
2022-01-10 15:04:00-05:00,92.33000183105469,92.33999633789062,92.32499694824219,92.33070373535156,92.33070373535156,2107.0
2022-01-10 15:05:00-05:00,92.33999633789062,92.3499984741211,92.30000305175781,92.3145980834961,92.3145980834961,8157.0
2022-01-10 15:06:00-05:00,92.30999755859375,92.33000183105469,92.30000305175781,92.31999969482422,92.31999969482422,10573.0
2022-01-10 15:07:00-05:00,92.32499694824219,92.33000183105469,92.31999969482422,92.33000183105469,92.33000183105469,12501.0
2022-01-10 15:08:00-05:00,92.31999969482422,92.33000183105469,92.31999969482422,92.33000183105469,92.33000183105469,1199.0
2022-01-10 15:09:00-05:00,92.33000183105469,92.3499984741211,92.33000183105469,92.33999633789062,92.33999633789062,4554.0
2022-01-10 15:10:00-05:00,92.3499984741211,92.3550033569336,92.3499984741211,92.3550033569336,92.3550033569336,4475.0
2022-01-10 15:11:00-05:00,92.3499984741211,92.3550033569336,92.33000183105469,92.33000183105469,92.33000183105469,6015.0
2022-01-10 15:12:00-05:00,92.31999969482422,92.31999969482422,92.30999755859375,92.31999969482422,92.31999969482422,3210.0
2022-01-10 15:13:00-05:00,92.31999969482422,92.31999969482422,92.26010131835938,92.26010131835938,92.26010131835938,27349.0
2022-01-10 15:14:00-05:00,92.2699966430664,92.29000091552734,92.26000213623047,92.27999877929688,92.27999877929688,7201.0
2022-01-10 15:15:00-05:00,92.27999877929688,92.29499816894531,92.25,92.29499816894531,92.29499816894531,17335.0
2022-01-10 15:16:00-05:00,92.29499816894531,92.29750061035156,92.27999877929688,92.27999877929688,92.27999877929688,4522.0
2022-01-10 15:17:00-05:00,92.2699966430664,92.29000091552734,92.2699966430664,92.27999877929688,92.27999877929688,1901.0
2022-01-10 15:18:00-05:00,92.29000091552734,92.29000091552734,92.25499725341797,92.25499725341797,92.25499725341797,15927.0
2022-01-10 15:19:00-05:00,92.25499725341797,92.26000213623047,92.24500274658203,92.25,92.25,45925.0
2022-01-10 15:20:00-05:00,92.25,92.27999877929688,92.24500274658203,92.2699966430664,92.2699966430664,43104.0
2022-01-10 15:21:00-05:00,92.2750015258789,92.30000305175781,92.2699966430664,92.29000091552734,92.29000091552734,11898.0
2022-01-10 15:22:00-05:00,92.27999877929688,92.29000091552734,92.2699966430664,92.2750015258789,92.2750015258789,6924.0
2022-01-10 15:23:00-05:00,92.2699966430664,92.27999877929688,92.26499938964844,92.27999877929688,92.27999877929688,2145.0
2022-01-10 15:24:00-05:00,92.2699966430664,92.2750015258789,92.26000213623047,92.26000213623047,92.26000213623047,3772.0
2022-01-10 15:25:00-05:00,92.2699966430664,92.2699966430664,92.26000213623047,92.2699966430664,92.2699966430664,2928.0
2022-01-10 15:26:00-05:00,92.2699966430664,92.28500366210938,92.2699966430664,92.2699966430664,92.2699966430664,2050.0
2022-01-10 15:27:00-05:00,92.2750015258789,92.27999877929688,92.26000213623047,92.2699966430664,92.2699966430664,1783.0
2022-01-10 15:28:00-05:00,92.2699966430664,92.28500366210938,92.25,92.26499938964844,92.26499938964844,30124.0
2022-01-10 15:29:00-05:00,92.2699966430664,92.2750015258789,92.25,92.25,92.25,22254.0
2022-01-10 15:30:00-05:00,92.26000213623047,92.2699966430664,92.25,92.26499938964844,92.26499938964844,8042.0
2022-01-10 15:31:00-05:00,92.2699966430664,92.28500366210938,92.26000213623047,92.28500366210938,92.28500366210938,6499.0
2022-01-10 15:32:00-05:00,92.29000091552734,92.30999755859375,92.28500366210938,92.30999755859375,92.30999755859375,8305.0
2022-01-10 15:33:00-05:00,92.30999755859375,92.31500244140625,92.27999877929688,92.29000091552734,92.29000091552734,8449.0
2022-01-10 15:34:00-05:00,92.30000305175781,92.31999969482422,92.30000305175781,92.31999969482422,92.31999969482422,5380.0
2022-01-10 15:35:00-05:00,92.31999969482422,92.31999969482422,92.30999755859375,92.30999755859375,92.30999755859375,5756.0
2022-01-10 15:36:00-05:00,92.30999755859375,92.31500244140625,92.29000091552734,92.30000305175781,92.30000305175781,4849.0
2022-01-10 15:37:00-05:00,92.29000091552734,92.33999633789062,92.29000091552734,92.33499908447266,92.33499908447266,4884.0
2022-01-10 15:38:00-05:00,92.33999633789062,92.33999633789062,92.31999969482422,92.33000183105469,92.33000183105469,2902.0
2022-01-10 15:39:00-05:00,92.33000183105469,92.33000183105469,92.2699966430664,92.28500366210938,92.28500366210938,7530.0
2022-01-10 15:40:00-05:00,92.27999877929688,92.31500244140625,92.27999877929688,92.30999755859375,92.30999755859375,6199.0
2022-01-10 15:41:00-05:00,92.30999755859375,92.37000274658203,92.30999755859375,92.30999755859375,92.30999755859375,12576.0
2022-01-10 15:42:00-05:00,92.30999755859375,92.30999755859375,92.27999877929688,92.27999877929688,92.27999877929688,6840.0
2022-01-10 15:43:00-05:00,92.29000091552734,92.30999755859375,92.27999877929688,92.29499816894531,92.29499816894531,12429.0
2022-01-10 15:44:00-05:00,92.29000091552734,92.32499694824219,92.29000091552734,92.31999969482422,92.31999969482422,6965.0
2022-01-10 15:45:00-05:00,92.30000305175781,92.31999969482422,92.29000091552734,92.30500030517578,92.30500030517578,6867.0
2022-01-10 15:46:00-05:00,92.30999755859375,92.30999755859375,92.28500366210938,92.29000091552734,92.29000091552734,4883.0
2022-01-10 15:47:00-05:00,92.29000091552734,92.33999633789062,92.28500366210938,92.33000183105469,92.33000183105469,6692.0
2022-01-10 15:48:00-05:00,92.31999969482422,92.31999969482422,92.2699966430664,92.27999877929688,92.27999877929688,11983.0
2022-01-10 15:49:00-05:00,92.27999877929688,92.29000091552734,92.26499938964844,92.27999877929688,92.27999877929688,7115.0
2022-01-10 15:50:00-05:00,92.29000091552734,92.37000274658203,92.27999877929688,92.30999755859375,92.30999755859375,20979.0
2022-01-10 15:51:00-05:00,92.30500030517578,92.30999755859375,92.27999877929688,92.28500366210938,92.28500366210938,7607.0
2022-01-10 15:52:00-05:00,92.29000091552734,92.30000305175781,92.27999877929688,92.30000305175781,92.30000305175781,12910.0
2022-01-10 15:53:00-05:00,92.29499816894531,92.29499816894531,92.26499938964844,92.2699966430664,92.2699966430664,14267.0
2022-01-10 15:54:00-05:00,92.26499938964844,92.27999877929688,92.25,92.2699966430664,92.2699966430664,15281.0
2022-01-10 15:55:00-05:00,92.2699966430664,92.30000305175781,92.26000213623047,92.30000305175781,92.30000305175781,26848.0
2022-01-10 15:56:00-05:00,92.29499816894531,92.30999755859375,92.25,92.2699966430664,92.2699966430664,47665.0
2022-01-10 15:57:00-05:00,92.2699966430664,92.30999755859375,92.26000213623047,92.30500030517578,92.30500030517578,14611.0
2022-01-10 15:58:00-05:00,92.30999755859375,92.37999725341797,92.30000305175781,92.33999633789062,92.33999633789062,41040.0
2022-01-10 15:59:00-05:00,92.33000183105469,92.3499984741211,92.30000305175781,92.33000183105469,92.33000183105469,38469.0
2022-01-31 14:09:11-05:00,91.19999694824219,91.19999694824219,91.19999694824219,91.19999694824219,91.19999694824219,0.0
2022-01-31 14:09:15-05:00,91.19499969482422,91.19499969482422,91.19499969482422,91.19499969482422,91.19499969482422,0.0
2022-01-18 09:30:00-05:00,92.05999755859375,92.19999694824219,92.02999877929688,92.05000305175781,92.05000305175781,164742.0
2022-01-18 09:31:00-05:00,92.04000091552734,92.05000305175781,92.04000091552734,92.04000091552734,92.04000091552734,17123.0
2022-01-18 09:32:00-05:00,92.01000213623047,92.02999877929688,92.01000213623047,92.0250015258789,92.0250015258789,41398.0
2022-01-18 09:33:00-05:00,92.0,92.0,91.95999908447266,91.95999908447266,91.95999908447266,79424.0
2022-01-18 09:34:00-05:00,91.95999908447266,92.01000213623047,91.94999694824219,92.00499725341797,92.00499725341797,15673.0
2022-01-18 09:35:00-05:00,92.0,92.0,91.93000030517578,91.93000030517578,91.93000030517578,25114.0
2022-01-18 09:36:00-05:00,91.91999816894531,91.95999908447266,91.9000015258789,91.95999908447266,91.95999908447266,36307.0
2022-01-18 09:37:00-05:00,92.0,92.01000213623047,92.0,92.01000213623047,92.01000213623047,41336.0
2022-01-18 09:38:00-05:00,92.01000213623047,92.05000305175781,92.01000213623047,92.05000305175781,92.05000305175781,46349.0
2022-01-18 09:39:00-05:00,92.0199966430664,92.0250015258789,92.01000213623047,92.01000213623047,92.01000213623047,13733.0
2022-01-18 09:40:00-05:00,92.0,92.01000213623047,92.0,92.0,92.0,41551.0
2022-01-18 09:41:00-05:00,92.0,92.04000091552734,92.0,92.0199966430664,92.0199966430664,23861.0
2022-01-18 09:42:00-05:00,92.0199966430664,92.04000091552734,92.01000213623047,92.01000213623047,92.01000213623047,22884.0
2022-01-18 09:43:00-05:00,92.0,92.02999877929688,92.0,92.0199966430664,92.0199966430664,12820.0
2022-01-18 09:44:00-05:00,92.0,92.05000305175781,92.0,92.0250015258789,92.0250015258789,23585.0
2022-01-18 09:45:00-05:00,92.0,92.0199966430664,91.9990005493164,92.0199966430664,92.0199966430664,26802.0
2022-01-18 09:46:00-05:00,92.0,92.01000213623047,92.0,92.0,92.0,28976.0
2022-01-18 09:47:00-05:00,92.0,92.0,91.94000244140625,91.94000244140625,91.94000244140625,22410.0
2022-01-18 09:48:00-05:00,91.93000030517578,91.97000122070312,91.93000030517578,91.96499633789062,91.96499633789062,18329.0
2022-01-18 09:49:00-05:00,91.96499633789062,91.96499633789062,91.94999694824219,91.94999694824219,91.94999694824219,25578.0
2022-01-18 09:50:00-05:00,91.94000244140625,91.95500183105469,91.94000244140625,91.94999694824219,91.94999694824219,18358.0
2022-01-18 09:51:00-05:00,91.9749984741211,91.9749984741211,91.9749984741211,91.9749984741211,91.9749984741211,24970.0
2022-01-18 09:52:00-05:00,92.0,92.0,92.0,92.0,92.0,29130.0
2022-01-18 09:53:00-05:00,92.0,92.01000213623047,92.0,92.00499725341797,92.00499725341797,28510.0
2022-01-18 09:54:00-05:00,92.0,92.01000213623047,92.0,92.00499725341797,92.00499725341797,9931.0
2022-01-18 09:55:00-05:00,92.0,92.00499725341797,92.0,92.0,92.0,24466.0
2022-01-18 09:56:00-05:00,92.0,92.01000213623047,92.0,92.0,92.0,8874.0
2022-01-18 09:57:00-05:00,92.0,92.01000213623047,91.98999786376953,92.01000213623047,92.01000213623047,15468.0
2022-01-18 09:58:00-05:00,92.0,92.01000213623047,92.0,92.01000213623047,92.01000213623047,9159.0
2022-01-18 09:59:00-05:00,92.0,92.01000213623047,91.98999786376953,92.0,92.0,15516.0
2022-01-18 10:00:00-05:00,92.01000213623047,92.0199966430664,92.01000213623047,92.0199966430664,92.0199966430664,14436.0
2022-01-18 10:01:00-05:00,92.05000305175781,92.05000305175781,92.05000305175781,92.05000305175781,92.05000305175781,28283.0
2022-01-18 10:02:00-05:00,92.05999755859375,92.06500244140625,92.01499938964844,92.01499938964844,92.01499938964844,5118.0
2022-01-18 10:03:00-05:00,92.01000213623047,92.02999877929688,92.01000213623047,92.0199966430664,92.0199966430664,9953.0
2022-01-18 10:04:00-05:00,92.0199966430664,92.03500366210938,92.01000213623047,92.03500366210938,92.03500366210938,8667.0
2022-01-18 10:05:00-05:00,92.04000091552734,92.05000305175781,92.0199966430664,92.0199966430664,92.0199966430664,8857.0
2022-01-18 10:06:00-05:00,92.02999877929688,92.03500366210938,92.01000213623047,92.01499938964844,92.01499938964844,6928.0
2022-01-18 10:07:00-05:00,92.0,92.05000305175781,92.0,92.04000091552734,92.04000091552734,11537.0
2022-01-18 10:08:00-05:00,92.04000091552734,92.04000091552734,92.02999877929688,92.02999877929688,92.02999877929688,3808.0
2022-01-18 10:09:00-05:00,92.02999877929688,92.05000305175781,92.0250015258789,92.04000091552734,92.04000091552734,9391.0
2022-01-18 10:10:00-05:00,92.04000091552734,92.11000061035156,92.03500366210938,92.11000061035156,92.11000061035156,22091.0
2022-01-18 10:11:00-05:00,92.1050033569336,92.11499786376953,92.06999969482422,92.06999969482422,92.06999969482422,9105.0
2022-01-18 10:12:00-05:00,92.06099700927734,92.06500244140625,92.0199966430664,92.0199966430664,92.0199966430664,3577.0
2022-01-18 10:13:00-05:00,92.02999877929688,92.05000305175781,92.0199966430664,92.05000305175781,92.05000305175781,8177.0
2022-01-18 10:14:00-05:00,92.04000091552734,92.04000091552734,92.0199966430664,92.0199966430664,92.0199966430664,12323.0
2022-01-18 10:15:00-05:00,92.0250015258789,92.02999877929688,92.00499725341797,92.0199966430664,92.0199966430664,15095.0
2022-01-18 10:16:00-05:00,92.0199966430664,92.05000305175781,92.0199966430664,92.04000091552734,92.04000091552734,5785.0
2022-01-18 10:17:00-05:00,92.02999877929688,92.03500366210938,92.0199966430664,92.0250015258789,92.0250015258789,3108.0
2022-01-18 10:18:00-05:00,92.0199966430664,92.02999877929688,92.01000213623047,92.0199966430664,92.0199966430664,32469.0
2022-01-18 10:19:00-05:00,92.0199966430664,92.0250015258789,92.0,92.01000213623047,92.01000213623047,9378.0
2022-01-18 10:20:00-05:00,92.0,92.01499938964844,92.0,92.01000213623047,92.01000213623047,16088.0
2022-01-18 10:21:00-05:00,92.0199966430664,92.0199966430664,92.0,92.00499725341797,92.00499725341797,4778.0
2022-01-18 10:22:00-05:00,92.00499725341797,92.0199966430664,92.00499725341797,92.00499725341797,92.00499725341797,3371.0
2022-01-18 10:23:00-05:00,92.0,92.01499938964844,92.0,92.01000213623047,92.01000213623047,53218.0
2022-01-18 10:24:00-05:00,92.0199966430664,92.02999877929688,92.01000213623047,92.0199966430664,92.0199966430664,7938.0
2022-01-18 10:25:00-05:00,92.0199966430664,92.05999755859375,92.0199966430664,92.02999877929688,92.02999877929688,11099.0
2022-01-18 10:26:00-05:00,92.02999877929688,92.04000091552734,92.02999877929688,92.04000091552734,92.04000091552734,5433.0
2022-01-18 10:27:00-05:00,92.04000091552734,92.05000305175781,92.02999877929688,92.02999877929688,92.02999877929688,1962.0
2022-01-18 10:28:00-05:00,92.04000091552734,92.06999969482422,92.04000091552734,92.06999969482422,92.06999969482422,10600.0
2022-01-18 10:29:00-05:00,92.05999755859375,92.08499908447266,92.05500030517578,92.08499908447266,92.08499908447266,8445.0
2022-01-18 10:30:00-05:00,92.08999633789062,92.08999633789062,92.05999755859375,92.07499694824219,92.07499694824219,5929.0
2022-01-18 10:31:00-05:00,92.06099700927734,92.06999969482422,92.04499816894531,92.04499816894531,92.04499816894531,7961.0
2022-01-18 10:32:00-05:00,92.04499816894531,92.07499694824219,92.04499816894531,92.06999969482422,92.06999969482422,4683.0
2022-01-18 10:33:00-05:00,92.08000183105469,92.08999633789062,92.08000183105469,92.08499908447266,92.08499908447266,3285.0
2022-01-18 10:34:00-05:00,92.08499908447266,92.08999633789062,92.08000183105469,92.08499908447266,92.08499908447266,2199.0
2022-01-18 10:35:00-05:00,92.08000183105469,92.0999984741211,92.05999755859375,92.06500244140625,92.06500244140625,5242.0
2022-01-18 10:36:00-05:00,92.05999755859375,92.06999969482422,92.03500366210938,92.04000091552734,92.04000091552734,9506.0
2022-01-18 10:37:00-05:00,92.05000305175781,92.05999755859375,92.03500366210938,92.05000305175781,92.05000305175781,9882.0
2022-01-18 10:38:00-05:00,92.05999755859375,92.06999969482422,92.04000091552734,92.06500244140625,92.06500244140625,7219.0
2022-01-18 10:39:00-05:00,92.05999755859375,92.08999633789062,92.05999755859375,92.08000183105469,92.08000183105469,4757.0
2022-01-18 10:40:00-05:00,92.07499694824219,92.08000183105469,92.05999755859375,92.08000183105469,92.08000183105469,2737.0
2022-01-18 10:41:00-05:00,92.08000183105469,92.08000183105469,92.05999755859375,92.07499694824219,92.07499694824219,3282.0
2022-01-18 10:42:00-05:00,92.07499694824219,92.07499694824219,92.0625,92.0625,92.0625,1462.0
2022-01-18 10:43:00-05:00,92.06999969482422,92.06999969482422,92.05000305175781,92.05500030517578,92.05500030517578,10192.0
2022-01-18 10:44:00-05:00,92.05490112304688,92.06999969482422,92.05490112304688,92.06099700927734,92.06099700927734,6368.0
2022-01-18 10:45:00-05:00,92.06999969482422,92.08899688720703,92.06999969482422,92.08899688720703,92.08899688720703,3748.0
2022-01-18 10:46:00-05:00,92.06999969482422,92.08499908447266,92.05999755859375,92.06999969482422,92.06999969482422,3158.0
2022-01-18 10:47:00-05:00,92.08000183105469,92.08999633789062,92.06500244140625,92.08999633789062,92.08999633789062,4799.0
2022-01-18 10:48:00-05:00,92.08000183105469,92.08999633789062,92.06999969482422,92.08999633789062,92.08999633789062,2307.0
2022-01-18 10:49:00-05:00,92.08999633789062,92.0999984741211,92.08000183105469,92.08999633789062,92.08999633789062,3383.0
2022-01-18 10:50:00-05:00,92.08999633789062,92.09639739990234,92.06999969482422,92.08999633789062,92.08999633789062,3994.0
2022-01-18 10:51:00-05:00,92.08000183105469,92.0999984741211,92.08000183105469,92.08499908447266,92.08499908447266,4383.0
2022-01-18 10:52:00-05:00,92.08000183105469,92.08000183105469,92.0602035522461,92.06999969482422,92.06999969482422,2578.0
2022-01-18 10:53:00-05:00,92.08000183105469,92.08999633789062,92.06099700927734,92.08000183105469,92.08000183105469,5751.0
2022-01-18 10:54:00-05:00,92.07099914550781,92.08999633789062,92.07099914550781,92.08000183105469,92.08000183105469,4202.0
2022-01-18 10:55:00-05:00,92.08000183105469,92.0999984741211,92.07499694824219,92.08999633789062,92.08999633789062,5238.0
2022-01-18 10:56:00-05:00,92.08999633789062,92.11000061035156,92.08999633789062,92.08999633789062,92.08999633789062,2948.0
2022-01-18 10:57:00-05:00,92.08999633789062,92.11000061035156,92.08000183105469,92.11000061035156,92.11000061035156,5828.0
2022-01-18 10:58:00-05:00,92.0999984741211,92.13999938964844,92.0999984741211,92.13999938964844,92.13999938964844,6023.0
2022-01-18 10:59:00-05:00,92.12999725341797,92.12999725341797,92.11000061035156,92.11000061035156,92.11000061035156,3309.0
2022-01-18 11:00:00-05:00,92.0999984741211,92.11499786376953,92.0999984741211,92.0999984741211,92.0999984741211,8823.0
2022-01-18 11:02:00-05:00,92.0999984741211,92.0999984741211,92.0999984741211,92.0999984741211,92.0999984741211,2514.0
2022-01-18 11:03:00-05:00,92.11000061035156,92.12000274658203,92.1001968383789,92.1050033569336,92.1050033569336,5145.0
2022-01-18 11:04:00-05:00,92.11000061035156,92.13999938964844,92.11000061035156,92.12999725341797,92.12999725341797,7118.0
2022-01-18 11:05:00-05:00,92.13999938964844,92.13999938964844,92.11000061035156,92.11000061035156,92.11000061035156,1903.0
2022-01-18 11:06:00-05:00,92.11000061035156,92.12000274658203,92.0999984741211,92.1050033569336,92.1050033569336,4189.0
2022-01-18 11:07:00-05:00,92.1050033569336,92.12000274658203,92.1050033569336,92.11000061035156,92.11000061035156,3484.0
2022-01-18 11:08:00-05:00,92.11000061035156,92.12000274658203,92.0999984741211,92.11000061035156,92.11000061035156,3448.0
2022-01-18 11:09:00-05:00,92.11000061035156,92.12999725341797,92.11000061035156,92.12999725341797,92.12999725341797,11546.0
2022-01-18 11:10:00-05:00,92.125,92.125,92.11000061035156,92.11000061035156,92.11000061035156,7042.0
2022-01-18 11:11:00-05:00,92.12000274658203,92.125,92.1050033569336,92.1050033569336,92.1050033569336,4671.0
2022-01-18 11:12:00-05:00,92.11000061035156,92.12000274658203,92.11000061035156,92.11100006103516,92.11100006103516,2326.0
2022-01-18 11:13:00-05:00,92.11000061035156,92.12000274658203,92.10099792480469,92.11000061035156,92.11000061035156,4065.0
2022-01-18 11:14:00-05:00,92.11000061035156,92.11000061035156,92.11000061035156,92.11000061035156,92.11000061035156,898.0
2022-01-18 11:15:00-05:00,92.1050033569336,92.12000274658203,92.0999984741211,92.12000274658203,92.12000274658203,5761.0
2022-01-18 11:16:00-05:00,92.12000274658203,92.125,92.1050033569336,92.1050033569336,92.1050033569336,3454.0
2022-01-18 11:17:00-05:00,92.0999984741211,92.11000061035156,92.09500122070312,92.1050033569336,92.1050033569336,6417.0
2022-01-18 11:18:00-05:00,92.0999984741211,92.11000061035156,92.0999984741211,92.1050033569336,92.1050033569336,3385.0
2022-01-18 11:19:00-05:00,92.11000061035156,92.12000274658203,92.1050033569336,92.12000274658203,92.12000274658203,2905.0
2022-01-18 11:20:00-05:00,92.11100006103516,92.11499786376953,92.0999984741211,92.0999984741211,92.0999984741211,2105.0
2022-01-18 11:21:00-05:00,92.1050033569336,92.13079833984375,92.0999984741211,92.12000274658203,92.12000274658203,7248.0
2022-01-18 11:22:00-05:00,92.125,92.12999725341797,92.12000274658203,92.12000274658203,92.12000274658203,2964.0
2022-01-18 11:23:00-05:00,92.12000274658203,92.12999725341797,92.11499786376953,92.12999725341797,92.12999725341797,4433.0
2022-01-18 11:24:00-05:00,92.13500213623047,92.13999938964844,92.12999725341797,92.13999938964844,92.13999938964844,2689.0
2022-01-18 11:25:00-05:00,92.13500213623047,92.1500015258789,92.13099670410156,92.13999938964844,92.13999938964844,4890.0
2022-01-18 11:26:00-05:00,92.1500015258789,92.18000030517578,92.1500015258789,92.17500305175781,92.17500305175781,5611.0
2022-01-18 11:27:00-05:00,92.17500305175781,92.17500305175781,92.12999725341797,92.13500213623047,92.13500213623047,6851.0
2022-01-18 11:28:00-05:00,92.12999725341797,92.1500015258789,92.12000274658203,92.1500015258789,92.1500015258789,6117.0
2022-01-18 11:29:00-05:00,92.1500015258789,92.1500015258789,92.12000274658203,92.12000274658203,92.12000274658203,4291.0
2022-01-18 11:30:00-05:00,92.125,92.12999725341797,92.11000061035156,92.11080169677734,92.11080169677734,2393.0
2022-01-18 11:31:00-05:00,92.11000061035156,92.12000274658203,92.08000183105469,92.08999633789062,92.08999633789062,14571.0
2022-01-18 11:32:00-05:00,92.08999633789062,92.11000061035156,92.08000183105469,92.0999984741211,92.0999984741211,5586.0
2022-01-18 11:33:00-05:00,92.11000061035156,92.11000061035156,92.08499908447266,92.0999984741211,92.0999984741211,2979.0
2022-01-18 11:34:00-05:00,92.0999984741211,92.11000061035156,92.09500122070312,92.11000061035156,92.11000061035156,15810.0
2022-01-18 11:35:00-05:00,92.1050033569336,92.11000061035156,92.0999984741211,92.1050033569336,92.1050033569336,5967.0
2022-01-18 11:36:00-05:00,92.1050033569336,92.11499786376953,92.1050033569336,92.11000061035156,92.11000061035156,2596.0
2022-01-18 11:37:00-05:00,92.11000061035156,92.13500213623047,92.0999984741211,92.13500213623047,92.13500213623047,18070.0
2022-01-18 11:38:00-05:00,92.12999725341797,92.13999938964844,92.0999984741211,92.0999984741211,92.0999984741211,4095.0
2022-01-18 11:39:00-05:00,92.11000061035156,92.13500213623047,92.0999984741211,92.125,92.125,6757.0
2022-01-18 11:40:00-05:00,92.12999725341797,92.13999938964844,92.12999725341797,92.13999938964844,92.13999938964844,2670.0
2022-01-18 11:41:00-05:00,92.13099670410156,92.19999694824219,92.13099670410156,92.19000244140625,92.19000244140625,11778.0
2022-01-18 11:42:00-05:00,92.19499969482422,92.2699966430664,92.19499969482422,92.26000213623047,92.26000213623047,14835.0
2022-01-18 11:43:00-05:00,92.25,92.26000213623047,92.22000122070312,92.2300033569336,92.2300033569336,6288.0
2022-01-18 11:44:00-05:00,92.22000122070312,92.22000122070312,92.19499969482422,92.19999694824219,92.19999694824219,3529.0
2022-01-18 11:45:00-05:00,92.19999694824219,92.2300033569336,92.19999694824219,92.2300033569336,92.2300033569336,6120.0
2022-01-18 11:46:00-05:00,92.2249984741211,92.2300033569336,92.19999694824219,92.19999694824219,92.19999694824219,4262.0
2022-01-18 11:47:00-05:00,92.20999908447266,92.26000213623047,92.20999908447266,92.26000213623047,92.26000213623047,7545.0
2022-01-18 11:48:00-05:00,92.25499725341797,92.28500366210938,92.24500274658203,92.24500274658203,92.24500274658203,7738.0
2022-01-18 11:49:00-05:00,92.24099731445312,92.24099731445312,92.19999694824219,92.20500183105469,92.20500183105469,6979.0
2022-01-18 11:50:00-05:00,92.20500183105469,92.2300033569336,92.19000244140625,92.21499633789062,92.21499633789062,10932.0
2022-01-18 11:51:00-05:00,92.19999694824219,92.22000122070312,92.19999694824219,92.20999908447266,92.20999908447266,4698.0
2022-01-18 11:52:00-05:00,92.19999694824219,92.20500183105469,92.19100189208984,92.19999694824219,92.19999694824219,7362.0
2022-01-18 11:53:00-05:00,92.19000244140625,92.20999908447266,92.19000244140625,92.19999694824219,92.19999694824219,2901.0
2022-01-18 11:54:00-05:00,92.20999908447266,92.22000122070312,92.20999908447266,92.22000122070312,92.22000122070312,1427.0
2022-01-18 11:55:00-05:00,92.19999694824219,92.19999694824219,92.19100189208984,92.19999694824219,92.19999694824219,1978.0
2022-01-18 11:56:00-05:00,92.19000244140625,92.2300033569336,92.19000244140625,92.22000122070312,92.22000122070312,5113.0
2022-01-18 11:57:00-05:00,92.23500061035156,92.23999786376953,92.2300033569336,92.2300033569336,92.2300033569336,712.0
2022-01-18 11:58:00-05:00,92.23999786376953,92.23999786376953,92.20500183105469,92.20500183105469,92.20500183105469,3195.0
2022-01-18 11:59:00-05:00,92.20999908447266,92.22000122070312,92.19999694824219,92.22000122070312,92.22000122070312,3545.0
2022-01-18 12:00:00-05:00,92.22000122070312,92.22000122070312,92.19000244140625,92.19999694824219,92.19999694824219,6102.0
2022-01-18 12:02:00-05:00,92.19999694824219,92.20999908447266,92.18000030517578,92.20500183105469,92.20500183105469,44971.0
2022-01-18 12:03:00-05:00,92.20999908447266,92.21499633789062,92.19000244140625,92.19999694824219,92.19999694824219,9638.0
2022-01-18 12:04:00-05:00,92.19999694824219,92.20999908447266,92.19000244140625,92.19000244140625,92.19000244140625,9937.0
2022-01-18 12:05:00-05:00,92.19000244140625,92.19000244140625,92.13500213623047,92.13500213623047,92.13500213623047,10747.0
2022-01-18 12:06:00-05:00,92.13500213623047,92.13999938964844,92.09500122070312,92.11000061035156,92.11000061035156,19047.0
2022-01-18 12:07:00-05:00,92.11000061035156,92.11000061035156,92.1050033569336,92.10749816894531,92.10749816894531,6790.0
2022-01-18 12:08:00-05:00,92.1050033569336,92.13999938964844,92.08499908447266,92.125,92.125,21821.0
2022-01-18 12:09:00-05:00,92.125,92.125,92.08000183105469,92.08000183105469,92.08000183105469,11811.0
2022-01-18 12:10:00-05:00,92.07499694824219,92.1050033569336,92.06999969482422,92.0999984741211,92.0999984741211,13564.0
2022-01-18 12:11:00-05:00,92.08999633789062,92.11000061035156,92.08999633789062,92.09539794921875,92.09539794921875,1485.0
2022-01-18 12:12:00-05:00,92.0999984741211,92.125,92.0999984741211,92.12000274658203,92.12000274658203,5491.0
2022-01-18 12:13:00-05:00,92.12000274658203,92.125,92.11000061035156,92.12000274658203,92.12000274658203,4351.0
2022-01-18 12:14:00-05:00,92.12999725341797,92.13999938964844,92.125,92.13500213623047,92.13500213623047,2639.0
2022-01-18 12:15:00-05:00,92.13999938964844,92.17500305175781,92.13999938964844,92.17150115966797,92.17150115966797,4633.0
2022-01-18 12:16:00-05:00,92.16999816894531,92.16999816894531,92.13999938964844,92.13999938964844,92.13999938964844,911.0
2022-01-18 12:17:00-05:00,92.14029693603516,92.18000030517578,92.14029693603516,92.16999816894531,92.16999816894531,2364.0
2022-01-18 12:18:00-05:00,92.18000030517578,92.18000030517578,92.16000366210938,92.18000030517578,92.18000030517578,2517.0
2022-01-18 12:19:00-05:00,92.16000366210938,92.16000366210938,92.12999725341797,92.13999938964844,92.13999938964844,4881.0
2022-01-18 12:20:00-05:00,92.13999938964844,92.13999938964844,92.12999725341797,92.12999725341797,92.12999725341797,3880.0
2022-01-18 12:21:00-05:00,92.13500213623047,92.13999938964844,92.12000274658203,92.12000274658203,92.12000274658203,5335.0
2022-01-18 12:22:00-05:00,92.125,92.125,92.11000061035156,92.11499786376953,92.11499786376953,1950.0
2022-01-18 12:23:00-05:00,92.11000061035156,92.12000274658203,92.11000061035156,92.11000061035156,92.11000061035156,20031.0
2022-01-18 12:24:00-05:00,92.11499786376953,92.12000274658203,92.11000061035156,92.11499786376953,92.11499786376953,12430.0
2022-01-18 12:25:00-05:00,92.11000061035156,92.11499786376953,92.08000183105469,92.08499908447266,92.08499908447266,15675.0
2022-01-18 12:26:00-05:00,92.08499908447266,92.08999633789062,92.08000183105469,92.08999633789062,92.08999633789062,2384.0
2022-01-18 12:27:00-05:00,92.08499908447266,92.08499908447266,92.08000183105469,92.08499908447266,92.08499908447266,7825.0
2022-01-18 12:28:00-05:00,92.08000183105469,92.08999633789062,92.08000183105469,92.08499908447266,92.08499908447266,933.0
2022-01-18 12:29:00-05:00,92.08499908447266,92.08999633789062,92.08000183105469,92.08499908447266,92.08499908447266,1460.0
2022-01-18 12:30:00-05:00,92.08499908447266,92.12000274658203,92.08000183105469,92.10130310058594,92.10130310058594,12733.0
2022-01-18 12:31:00-05:00,92.0999984741211,92.1050033569336,92.08000183105469,92.08499908447266,92.08499908447266,2715.0
2022-01-18 12:32:00-05:00,92.08000183105469,92.08499908447266,92.04499816894531,92.05000305175781,92.05000305175781,33251.0
2022-01-18 12:33:00-05:00,92.05999755859375,92.05999755859375,92.05999755859375,92.05999755859375,92.05999755859375,1585.0
2022-01-18 12:34:00-05:00,92.06999969482422,92.08000183105469,92.06999969482422,92.08000183105469,92.08000183105469,1903.0
2022-01-18 12:35:00-05:00,92.08000183105469,92.08000183105469,92.05220031738281,92.05220031738281,92.05220031738281,2237.0
2022-01-18 12:36:00-05:00,92.05999755859375,92.06999969482422,92.05500030517578,92.06999969482422,92.06999969482422,2381.0
2022-01-18 12:37:00-05:00,92.05999755859375,92.05999755859375,92.05000305175781,92.05000305175781,92.05000305175781,3006.0
2022-01-18 12:38:00-05:00,92.05000305175781,92.06500244140625,92.04000091552734,92.05999755859375,92.05999755859375,6541.0
2022-01-18 12:39:00-05:00,92.05999755859375,92.05999755859375,92.05500030517578,92.05500030517578,92.05500030517578,238.0
2022-01-18 12:40:00-05:00,92.05000305175781,92.05999755859375,92.05000305175781,92.05999755859375,92.05999755859375,1845.0
2022-01-18 12:41:00-05:00,92.05000305175781,92.05999755859375,92.05000305175781,92.05500030517578,92.05500030517578,4100.0
2022-01-18 12:42:00-05:00,92.05500030517578,92.05500030517578,92.02999877929688,92.02999877929688,92.02999877929688,7924.0
2022-01-18 12:43:00-05:00,92.02780151367188,92.02780151367188,92.0199966430664,92.0199966430664,92.0199966430664,436.0
2022-01-18 12:44:00-05:00,92.02100372314453,92.0250015258789,92.0199966430664,92.0199966430664,92.0199966430664,2869.0
2022-01-18 12:45:00-05:00,92.02999877929688,92.02999877929688,92.0250015258789,92.02999877929688,92.02999877929688,4469.0
2022-01-18 12:46:00-05:00,92.02999877929688,92.02999877929688,92.0199966430664,92.02999877929688,92.02999877929688,3088.0
2022-01-18 12:47:00-05:00,92.0199966430664,92.04000091552734,92.0199966430664,92.03500366210938,92.03500366210938,6237.0
2022-01-18 12:48:00-05:00,92.03500366210938,92.04000091552734,92.02999877929688,92.04000091552734,92.04000091552734,2953.0
2022-01-18 12:49:00-05:00,92.03500366210938,92.04000091552734,92.02999877929688,92.04000091552734,92.04000091552734,3458.0
2022-01-18 12:50:00-05:00,92.04000091552734,92.04000091552734,92.02999877929688,92.03500366210938,92.03500366210938,11025.0
2022-01-18 12:51:00-05:00,92.03500366210938,92.05500030517578,92.03500366210938,92.05500030517578,92.05500030517578,5253.0
2022-01-18 12:52:00-05:00,92.05500030517578,92.06500244140625,92.05500030517578,92.06500244140625,92.06500244140625,13821.0
2022-01-18 12:53:00-05:00,92.05999755859375,92.06500244140625,92.04000091552734,92.04000091552734,92.04000091552734,5135.0
2022-01-18 12:54:00-05:00,92.04499816894531,92.04499816894531,92.02999877929688,92.04000091552734,92.04000091552734,3847.0
2022-01-18 12:55:00-05:00,92.04000091552734,92.04499816894531,92.02999877929688,92.03500366210938,92.03500366210938,4043.0
2022-01-18 12:56:00-05:00,92.04000091552734,92.04000091552734,92.03500366210938,92.03500366210938,92.03500366210938,2497.0
2022-01-18 12:57:00-05:00,92.03500366210938,92.04000091552734,92.02999877929688,92.02999877929688,92.02999877929688,1011.0
2022-01-18 12:58:00-05:00,92.02999877929688,92.04000091552734,92.02999877929688,92.03500366210938,92.03500366210938,6278.0
2022-01-18 12:59:00-05:00,92.02999877929688,92.04000091552734,92.02999877929688,92.03500366210938,92.03500366210938,3692.0
2022-01-18 13:00:00-05:00,92.02999877929688,92.03500366210938,92.0199966430664,92.0250015258789,92.0250015258789,4648.0
2022-01-18 13:02:00-05:00,92.0199966430664,92.02999877929688,92.01000213623047,92.02999877929688,92.02999877929688,4375.0
2022-01-18 13:03:00-05:00,92.02999877929688,92.02999877929688,92.01000213623047,92.02999877929688,92.02999877929688,4779.0
2022-01-18 13:04:00-05:00,92.02999877929688,92.05000305175781,92.02999877929688,92.02999877929688,92.02999877929688,4328.0
2022-01-18 13:05:00-05:00,92.02999877929688,92.03500366210938,92.02999877929688,92.03500366210938,92.03500366210938,589.0
2022-01-18 13:06:00-05:00,92.04000091552734,92.04000091552734,92.02999877929688,92.04000091552734,92.04000091552734,2210.0
2022-01-18 13:07:00-05:00,92.03620147705078,92.05999755859375,92.03620147705078,92.05000305175781,92.05000305175781,8495.0
2022-01-18 13:08:00-05:00,92.05999755859375,92.08000183105469,92.05500030517578,92.08000183105469,92.08000183105469,5743.0
2022-01-18 13:09:00-05:00,92.07499694824219,92.11000061035156,92.07499694824219,92.0999984741211,92.0999984741211,12324.0
2022-01-18 13:10:00-05:00,92.1050033569336,92.11000061035156,92.0999984741211,92.0999984741211,92.0999984741211,7880.0
2022-01-18 13:11:00-05:00,92.0999984741211,92.12000274658203,92.0999984741211,92.11000061035156,92.11000061035156,11211.0
2022-01-18 13:12:00-05:00,92.0999984741211,92.11000061035156,92.09010314941406,92.1050033569336,92.1050033569336,5091.0
2022-01-18 13:13:00-05:00,92.0999984741211,92.11499786376953,92.0999984741211,92.11000061035156,92.11000061035156,4887.0
2022-01-18 13:14:00-05:00,92.12000274658203,92.13999938964844,92.12000274658203,92.12999725341797,92.12999725341797,8090.0
2022-01-18 13:15:00-05:00,92.125,92.125,92.12000274658203,92.12000274658203,92.12000274658203,1275.0
2022-01-18 13:16:00-05:00,92.11499786376953,92.18000030517578,92.11499786376953,92.18000030517578,92.18000030517578,7727.0
2022-01-18 13:17:00-05:00,92.16999816894531,92.16999816894531,92.1500015258789,92.1500015258789,92.1500015258789,1240.0
2022-01-18 13:18:00-05:00,92.1500015258789,92.1500015258789,92.12999725341797,92.13999938964844,92.13999938964844,2679.0
2022-01-18 13:19:00-05:00,92.12999725341797,92.13999938964844,92.12999725341797,92.13500213623047,92.13500213623047,2907.0
2022-01-18 13:20:00-05:00,92.13999938964844,92.16000366210938,92.13999938964844,92.1500015258789,92.1500015258789,1975.0
2022-01-18 13:21:00-05:00,92.16000366210938,92.16000366210938,92.0999984741211,92.0999984741211,92.0999984741211,2330.0
2022-01-18 13:22:00-05:00,92.1050033569336,92.12000274658203,92.0999984741211,92.12000274658203,92.12000274658203,5030.0
2022-01-18 13:23:00-05:00,92.12000274658203,92.13999938964844,92.12000274658203,92.12570190429688,92.12570190429688,2662.0
2022-01-18 13:24:00-05:00,92.12000274658203,92.13099670410156,92.12000274658203,92.13099670410156,92.13099670410156,1116.0
2022-01-18 13:25:00-05:00,92.12999725341797,92.13500213623047,92.08999633789062,92.11000061035156,92.11000061035156,5901.0
2022-01-18 13:26:00-05:00,92.12000274658203,92.12999725341797,92.11100006103516,92.11100006103516,92.11100006103516,869.0
2022-01-18 13:27:00-05:00,92.12000274658203,92.125,92.11000061035156,92.11000061035156,92.11000061035156,6387.0
2022-01-18 13:28:00-05:00,92.11100006103516,92.13999938964844,92.11100006103516,92.13999938964844,92.13999938964844,3898.0
2022-01-18 13:29:00-05:00,92.13999938964844,92.16000366210938,92.13999938964844,92.1500015258789,92.1500015258789,4123.0
2022-01-18 13:30:00-05:00,92.16000366210938,92.16000366210938,92.13999938964844,92.16000366210938,92.16000366210938,8940.0
2022-01-18 13:31:00-05:00,92.16000366210938,92.16000366210938,92.13999938964844,92.13999938964844,92.13999938964844,2087.0
2022-01-18 13:32:00-05:00,92.13999938964844,92.13999938964844,92.1050033569336,92.1050033569336,92.1050033569336,3758.0
2022-01-18 13:33:00-05:00,92.11000061035156,92.16000366210938,92.1050033569336,92.1500015258789,92.1500015258789,14575.0
2022-01-18 13:34:00-05:00,92.1449966430664,92.18000030517578,92.1449966430664,92.18000030517578,92.18000030517578,4005.0
2022-01-18 13:35:00-05:00,92.16999816894531,92.19000244140625,92.16999816894531,92.19000244140625,92.19000244140625,3591.0
2022-01-18 13:36:00-05:00,92.19000244140625,92.19000244140625,92.16000366210938,92.16000366210938,92.16000366210938,1405.0
2022-01-18 13:37:00-05:00,92.13999938964844,92.18000030517578,92.13999938964844,92.1500015258789,92.1500015258789,23317.0
2022-01-18 13:38:00-05:00,92.16999816894531,92.18000030517578,92.16010284423828,92.16500091552734,92.16500091552734,4457.0
2022-01-18 13:39:00-05:00,92.16999816894531,92.16999816894531,92.16500091552734,92.16999816894531,92.16999816894531,2009.0
2022-01-18 13:40:00-05:00,92.16000366210938,92.16999816894531,92.1500015258789,92.15499877929688,92.15499877929688,25551.0
2022-01-18 13:41:00-05:00,92.1500015258789,92.15499877929688,92.12999725341797,92.1500015258789,92.1500015258789,14443.0
2022-01-18 13:42:00-05:00,92.16000366210938,92.18499755859375,92.15499877929688,92.16999816894531,92.16999816894531,8110.0
2022-01-18 13:43:00-05:00,92.16999816894531,92.18499755859375,92.16000366210938,92.16999816894531,92.16999816894531,9755.0
2022-01-18 13:44:00-05:00,92.17500305175781,92.19000244140625,92.16999816894531,92.18000030517578,92.18000030517578,5284.0
2022-01-18 13:45:00-05:00,92.18499755859375,92.21499633789062,92.18440246582031,92.20999908447266,92.20999908447266,8245.0
2022-01-18 13:46:00-05:00,92.20999908447266,92.22000122070312,92.19999694824219,92.22000122070312,92.22000122070312,2581.0
2022-01-18 13:47:00-05:00,92.20010375976562,92.20999908447266,92.19000244140625,92.20999908447266,92.20999908447266,8591.0
2022-01-18 13:48:00-05:00,92.20999908447266,92.2300033569336,92.19499969482422,92.2300033569336,92.2300033569336,3696.0
2022-01-18 13:49:00-05:00,92.22000122070312,92.22000122070312,92.19999694824219,92.22000122070312,92.22000122070312,2355.0
2022-01-18 13:50:00-05:00,92.22000122070312,92.26000213623047,92.22000122070312,92.26000213623047,92.26000213623047,5131.0
2022-01-18 13:51:00-05:00,92.25499725341797,92.27999877929688,92.23999786376953,92.23999786376953,92.23999786376953,4165.0
2022-01-18 13:52:00-05:00,92.2300033569336,92.25,92.21499633789062,92.22000122070312,92.22000122070312,5608.0
2022-01-18 13:53:00-05:00,92.2300033569336,92.26000213623047,92.2300033569336,92.26000213623047,92.26000213623047,3159.0
2022-01-18 13:54:00-05:00,92.2699966430664,92.2699966430664,92.25,92.26000213623047,92.26000213623047,2455.0
2022-01-18 13:55:00-05:00,92.26000213623047,92.2699966430664,92.25499725341797,92.2699966430664,92.2699966430664,1222.0
2022-01-18 13:56:00-05:00,92.26000213623047,92.2699966430664,92.26000213623047,92.26499938964844,92.26499938964844,1724.0
2022-01-18 13:57:00-05:00,92.26000213623047,92.2699966430664,92.25499725341797,92.26000213623047,92.26000213623047,7916.0
2022-01-18 13:58:00-05:00,92.26000213623047,92.27629852294922,92.26000213623047,92.27629852294922,92.27629852294922,5313.0
2022-01-18 13:59:00-05:00,92.27999877929688,92.30000305175781,92.27100372314453,92.27100372314453,92.27100372314453,3772.0
2022-01-18 14:00:00-05:00,92.27999877929688,92.27999877929688,92.2699966430664,92.2750015258789,92.2750015258789,835.0
2022-01-18 14:02:00-05:00,92.27999877929688,92.30999755859375,92.27999877929688,92.30999755859375,92.30999755859375,20154.0
2022-01-18 14:03:00-05:00,92.30000305175781,92.30000305175781,92.27999877929688,92.27999877929688,92.27999877929688,3147.0
2022-01-18 14:04:00-05:00,92.2750015258789,92.27999877929688,92.26000213623047,92.26000213623047,92.26000213623047,4108.0
2022-01-18 14:05:00-05:00,92.2699966430664,92.28500366210938,92.26499938964844,92.27999877929688,92.27999877929688,4644.0
2022-01-18 14:06:00-05:00,92.279296875,92.28500366210938,92.2699966430664,92.2750015258789,92.2750015258789,4340.0
2022-01-18 14:07:00-05:00,92.27100372314453,92.2750015258789,92.2699966430664,92.2699966430664,92.2699966430664,4200.0
2022-01-18 14:08:00-05:00,92.26000213623047,92.26000213623047,92.20999908447266,92.20999908447266,92.20999908447266,5449.0
2022-01-18 14:09:00-05:00,92.22000122070312,92.2249984741211,92.20999908447266,92.20999908447266,92.20999908447266,5969.0
2022-01-18 14:10:00-05:00,92.20999908447266,92.20999908447266,92.20999908447266,92.20999908447266,92.20999908447266,1176.0
2022-01-18 14:11:00-05:00,92.20999908447266,92.20999908447266,92.1500015258789,92.1500015258789,92.1500015258789,13343.0
2022-01-18 14:12:00-05:00,92.16000366210938,92.16999816894531,92.1500015258789,92.16000366210938,92.16000366210938,8708.0
2022-01-18 14:13:00-05:00,92.1500015258789,92.17500305175781,92.1500015258789,92.1500015258789,92.1500015258789,5310.0
2022-01-18 14:14:00-05:00,92.1500015258789,92.15499877929688,92.13999938964844,92.1500015258789,92.1500015258789,18899.0
2022-01-18 14:15:00-05:00,92.15499877929688,92.16999816894531,92.1500015258789,92.16000366210938,92.16000366210938,10579.0
2022-01-18 14:16:00-05:00,92.16500091552734,92.16500091552734,92.14450073242188,92.1500015258789,92.1500015258789,2430.0
2022-01-18 14:17:00-05:00,92.15499877929688,92.16500091552734,92.1500015258789,92.16100311279297,92.16100311279297,2129.0
2022-01-18 14:18:00-05:00,92.16000366210938,92.16500091552734,92.1449966430664,92.1500015258789,92.1500015258789,3807.0
2022-01-18 14:19:00-05:00,92.15499877929688,92.16999816894531,92.15080261230469,92.16999816894531,92.16999816894531,5238.0
2022-01-18 14:20:00-05:00,92.16500091552734,92.16999816894531,92.16000366210938,92.16999816894531,92.16999816894531,794.0
2022-01-18 14:21:00-05:00,92.16999816894531,92.18499755859375,92.16500091552734,92.16500091552734,92.16500091552734,2915.0
2022-01-18 14:22:00-05:00,92.16000366210938,92.18000030517578,92.1500015258789,92.18000030517578,92.18000030517578,4478.0
2022-01-18 14:23:00-05:00,92.18000030517578,92.18000030517578,92.16500091552734,92.18000030517578,92.18000030517578,1199.0
2022-01-18 14:24:00-05:00,92.18000030517578,92.18000030517578,92.16500091552734,92.16500091552734,92.16500091552734,2986.0
2022-01-18 14:25:00-05:00,92.16000366210938,92.19000244140625,92.1510009765625,92.16000366210938,92.16000366210938,5271.0
2022-01-18 14:26:00-05:00,92.16000366210938,92.16999816894531,92.16000366210938,92.16999816894531,92.16999816894531,1028.0
2022-01-18 14:27:00-05:00,92.16500091552734,92.16999816894531,92.13999938964844,92.16999816894531,92.16999816894531,7867.0
2022-01-18 14:28:00-05:00,92.16999816894531,92.18000030517578,92.16999816894531,92.17500305175781,92.17500305175781,4009.0
2022-01-18 14:29:00-05:00,92.16000366210938,92.18000030517578,92.16000366210938,92.16999816894531,92.16999816894531,5329.0
2022-01-18 14:30:00-05:00,92.16500091552734,92.17500305175781,92.15499877929688,92.16999816894531,92.16999816894531,5105.0
2022-01-18 14:31:00-05:00,92.18000030517578,92.20999908447266,92.16999816894531,92.19999694824219,92.19999694824219,13969.0
2022-01-18 14:32:00-05:00,92.19999694824219,92.19999694824219,92.18499755859375,92.19499969482422,92.19499969482422,2298.0
2022-01-18 14:33:00-05:00,92.19000244140625,92.19999694824219,92.18099975585938,92.18499755859375,92.18499755859375,4635.0
2022-01-18 14:34:00-05:00,92.18499755859375,92.19499969482422,92.16000366210938,92.17500305175781,92.17500305175781,9946.0
2022-01-18 14:35:00-05:00,92.16999816894531,92.16999816894531,92.1500015258789,92.16999816894531,92.16999816894531,2343.0
2022-01-18 14:36:00-05:00,92.15010070800781,92.18499755859375,92.15010070800781,92.16999816894531,92.16999816894531,5054.0
2022-01-18 14:37:00-05:00,92.1781997680664,92.1781997680664,92.15499877929688,92.15499877929688,92.15499877929688,3397.0
2022-01-18 14:38:00-05:00,92.16999816894531,92.17500305175781,92.16500091552734,92.16999816894531,92.16999816894531,2037.0
2022-01-18 14:39:00-05:00,92.18000030517578,92.19999694824219,92.17500305175781,92.19499969482422,92.19499969482422,4801.0
2022-01-18 14:40:00-05:00,92.19499969482422,92.19499969482422,92.16500091552734,92.16999816894531,92.16999816894531,1681.0
2022-01-18 14:41:00-05:00,92.16010284423828,92.18000030517578,92.16010284423828,92.16999816894531,92.16999816894531,3451.0
2022-01-18 14:42:00-05:00,92.16500091552734,92.18000030517578,92.16500091552734,92.16999816894531,92.16999816894531,1235.0
2022-01-18 14:43:00-05:00,92.18000030517578,92.18000030517578,92.16000366210938,92.16000366210938,92.16000366210938,1403.0
2022-01-18 14:44:00-05:00,92.1500015258789,92.16500091552734,92.12999725341797,92.16500091552734,92.16500091552734,4739.0
2022-01-18 14:45:00-05:00,92.16000366210938,92.16500091552734,92.15499877929688,92.16000366210938,92.16000366210938,2916.0
2022-01-18 14:46:00-05:00,92.16000366210938,92.16000366210938,92.16000366210938,92.16000366210938,92.16000366210938,257.0
2022-01-18 14:47:00-05:00,92.16000366210938,92.18000030517578,92.1500015258789,92.18000030517578,92.18000030517578,4216.0
2022-01-18 14:48:00-05:00,92.16999816894531,92.16999816894531,92.1500015258789,92.16000366210938,92.16000366210938,2825.0
2022-01-18 14:49:00-05:00,92.15499877929688,92.16000366210938,92.1500015258789,92.1500015258789,92.1500015258789,1064.0
2022-01-18 14:50:00-05:00,92.15499877929688,92.16000366210938,92.1500015258789,92.15499877929688,92.15499877929688,6663.0
2022-01-18 14:51:00-05:00,92.1500015258789,92.1500015258789,92.13500213623047,92.13500213623047,92.13500213623047,3109.0
2022-01-18 14:52:00-05:00,92.13500213623047,92.13749694824219,92.12000274658203,92.1218032836914,92.1218032836914,5370.0
2022-01-18 14:53:00-05:00,92.13999938964844,92.1500015258789,92.12999725341797,92.12999725341797,92.12999725341797,6520.0
2022-01-18 14:54:00-05:00,92.13500213623047,92.13999938964844,92.11499786376953,92.11499786376953,92.11499786376953,3020.0
2022-01-18 14:55:00-05:00,92.11499786376953,92.12000274658203,92.0999984741211,92.0999984741211,92.0999984741211,4342.0
2022-01-18 14:56:00-05:00,92.0999984741211,92.0999984741211,92.08000183105469,92.08499908447266,92.08499908447266,2914.0
2022-01-18 14:57:00-05:00,92.08100128173828,92.08499908447266,92.07250213623047,92.08000183105469,92.08000183105469,12994.0
2022-01-18 14:58:00-05:00,92.08999633789062,92.08999633789062,92.06999969482422,92.08000183105469,92.08000183105469,6287.0
2022-01-18 14:59:00-05:00,92.08000183105469,92.1050033569336,92.08000183105469,92.08499908447266,92.08499908447266,8419.0
2022-01-18 15:00:00-05:00,92.08000183105469,92.08000183105469,92.07099914550781,92.07499694824219,92.07499694824219,4122.0
2022-01-18 15:02:00-05:00,92.08000183105469,92.08000183105469,92.06500244140625,92.07499694824219,92.07499694824219,14887.0
2022-01-18 15:03:00-05:00,92.07499694824219,92.08000183105469,92.05000305175781,92.05500030517578,92.05500030517578,11819.0
2022-01-18 15:04:00-05:00,92.05000305175781,92.05999755859375,92.04000091552734,92.05000305175781,92.05000305175781,15208.0
2022-01-18 15:05:00-05:00,92.05500030517578,92.06500244140625,92.05000305175781,92.06500244140625,92.06500244140625,4412.0
2022-01-18 15:06:00-05:00,92.06500244140625,92.06999969482422,92.06500244140625,92.06999969482422,92.06999969482422,629.0
2022-01-18 15:07:00-05:00,92.06999969482422,92.06999969482422,92.02999877929688,92.03500366210938,92.03500366210938,8211.0
2022-01-18 15:08:00-05:00,92.02999877929688,92.05999755859375,92.02999877929688,92.05999755859375,92.05999755859375,7636.0
2022-01-18 15:09:00-05:00,92.05999755859375,92.05999755859375,92.04499816894531,92.05000305175781,92.05000305175781,3957.0
2022-01-18 15:10:00-05:00,92.04100036621094,92.05999755859375,92.04000091552734,92.05000305175781,92.05000305175781,3128.0
2022-01-18 15:11:00-05:00,92.05000305175781,92.05000305175781,92.04000091552734,92.04499816894531,92.04499816894531,1769.0
2022-01-18 15:12:00-05:00,92.05000305175781,92.06999969482422,92.04000091552734,92.06999969482422,92.06999969482422,7227.0
2022-01-18 15:13:00-05:00,92.06500244140625,92.08999633789062,92.05999755859375,92.08999633789062,92.08999633789062,5327.0
2022-01-18 15:14:00-05:00,92.08999633789062,92.08999633789062,92.08000183105469,92.08499908447266,92.08499908447266,2511.0
2022-01-18 15:15:00-05:00,92.08000183105469,92.08499908447266,92.04000091552734,92.05999755859375,92.05999755859375,13776.0
2022-01-18 15:16:00-05:00,92.06999969482422,92.06999969482422,92.04000091552734,92.04499816894531,92.04499816894531,3196.0
2022-01-18 15:17:00-05:00,92.04000091552734,92.06999969482422,92.03260040283203,92.06999969482422,92.06999969482422,11771.0
2022-01-18 15:18:00-05:00,92.06999969482422,92.07499694824219,92.05999755859375,92.05999755859375,92.05999755859375,2699.0
2022-01-18 15:19:00-05:00,92.05999755859375,92.05999755859375,92.04499816894531,92.05000305175781,92.05000305175781,8558.0
2022-01-18 15:20:00-05:00,92.05999755859375,92.08999633789062,92.05999755859375,92.06999969482422,92.06999969482422,6430.0
2022-01-18 15:21:00-05:00,92.05999755859375,92.06999969482422,92.04499816894531,92.05000305175781,92.05000305175781,4377.0
2022-01-18 15:22:00-05:00,92.04000091552734,92.05999755859375,92.04000091552734,92.05999755859375,92.05999755859375,1601.0
2022-01-18 15:23:00-05:00,92.05999755859375,92.05999755859375,92.03500366210938,92.03500366210938,92.03500366210938,5497.0
2022-01-18 15:24:00-05:00,92.02999877929688,92.05000305175781,92.02999877929688,92.03500366210938,92.03500366210938,5188.0
2022-01-18 15:25:00-05:00,92.02999877929688,92.05000305175781,92.02999877929688,92.04499816894531,92.04499816894531,11912.0
2022-01-18 15:26:00-05:00,92.04000091552734,92.05500030517578,92.0199966430664,92.05500030517578,92.05500030517578,6025.0
2022-01-18 15:27:00-05:00,92.05000305175781,92.06999969482422,92.05000305175781,92.05999755859375,92.05999755859375,2186.0
2022-01-18 15:28:00-05:00,92.05000305175781,92.06500244140625,92.05000305175781,92.05500030517578,92.05500030517578,5610.0
2022-01-18 15:29:00-05:00,92.05000305175781,92.05000305175781,92.04000091552734,92.04000091552734,92.04000091552734,5100.0
2022-01-18 15:30:00-05:00,92.03500366210938,92.05500030517578,92.02999877929688,92.05500030517578,92.05500030517578,4859.0
2022-01-18 15:31:00-05:00,92.05000305175781,92.08000183105469,92.05000305175781,92.06999969482422,92.06999969482422,7024.0
2022-01-18 15:32:00-05:00,92.06999969482422,92.11000061035156,92.06999969482422,92.07099914550781,92.07099914550781,5231.0
2022-01-18 15:33:00-05:00,92.06999969482422,92.06999969482422,92.04100036621094,92.04100036621094,92.04100036621094,1858.0
2022-01-18 15:34:00-05:00,92.04499816894531,92.05500030517578,92.04000091552734,92.04499816894531,92.04499816894531,6990.0
2022-01-18 15:35:00-05:00,92.05000305175781,92.06999969482422,92.0250015258789,92.0250015258789,92.0250015258789,13750.0
2022-01-18 15:36:00-05:00,92.0199966430664,92.04499816894531,92.01000213623047,92.03099822998047,92.03099822998047,7456.0
2022-01-18 15:37:00-05:00,92.04000091552734,92.05500030517578,92.04000091552734,92.05000305175781,92.05000305175781,7970.0
2022-01-18 15:38:00-05:00,92.05000305175781,92.05000305175781,92.02999877929688,92.02999877929688,92.02999877929688,5928.0
2022-01-18 15:39:00-05:00,92.02999877929688,92.02999877929688,92.0,92.0199966430664,92.0199966430664,6914.0
2022-01-18 15:40:00-05:00,92.01499938964844,92.02999877929688,92.01000213623047,92.0199966430664,92.0199966430664,25872.0
2022-01-18 15:41:00-05:00,92.0199966430664,92.0250015258789,92.0,92.00499725341797,92.00499725341797,48942.0
2022-01-18 15:42:00-05:00,92.0,92.01000213623047,91.98999786376953,91.99500274658203,91.99500274658203,49187.0
2022-01-18 15:43:00-05:00,91.98999786376953,91.98999786376953,91.9800033569336,91.9800033569336,91.9800033569336,11750.0
2022-01-18 15:44:00-05:00,91.9800033569336,92.0,91.9800033569336,92.0,92.0,19973.0
2022-01-18 15:45:00-05:00,91.99500274658203,92.0,91.98999786376953,92.0,92.0,9157.0
2022-01-18 15:46:00-05:00,92.0,92.01000213623047,91.99500274658203,91.99500274658203,91.99500274658203,37528.0
2022-01-18 15:47:00-05:00,92.0,92.00250244140625,91.98999786376953,92.0,92.0,9233.0
2022-01-18 15:48:00-05:00,92.0,92.0,91.9800033569336,91.98999786376953,91.98999786376953,9450.0
2022-01-18 15:49:00-05:00,91.98999786376953,92.0,91.98500061035156,91.99500274658203,91.99500274658203,13846.0
2022-01-18 15:50:00-05:00,92.0,92.06999969482422,92.0,92.05999755859375,92.05999755859375,28522.0
2022-01-18 15:51:00-05:00,92.06500244140625,92.06500244140625,91.98999786376953,92.0,92.0,25834.0
2022-01-18 15:52:00-05:00,92.0,92.00499725341797,91.9749984741211,91.9749984741211,91.9749984741211,18660.0
2022-01-18 15:53:00-05:00,91.9800033569336,92.01499938964844,91.9800033569336,92.01000213623047,92.01000213623047,10072.0
2022-01-18 15:54:00-05:00,92.01000213623047,92.01000213623047,91.9800033569336,91.98999786376953,91.98999786376953,19871.0
2022-01-18 15:55:00-05:00,91.9800033569336,92.02999877929688,91.9800033569336,92.01499938964844,92.01499938964844,26281.0
2022-01-18 15:56:00-05:00,92.01000213623047,92.01000213623047,91.98999786376953,91.99500274658203,91.99500274658203,16600.0
2022-01-18 15:57:00-05:00,91.99500274658203,92.0,91.98999786376953,91.99500274658203,91.99500274658203,13866.0
2022-01-18 15:58:00-05:00,92.0,92.0,91.98999786376953,91.99500274658203,91.99500274658203,19051.0
2022-01-18 15:59:00-05:00,91.99500274658203,92.05000305175781,91.98999786376953,92.01000213623047,92.01000213623047,66826.0
2022-01-31 14:09:15-05:00,91.19499969482422,91.19499969482422,91.19499969482422,91.19499969482422,91.19499969482422,0.0
2022-01-19 09:30:00-05:00,92.05999755859375,92.20999908447266,91.98999786376953,92.0199966430664,92.0199966430664,85452.0
2022-01-19 09:31:00-05:00,92.05999755859375,92.08000183105469,92.0199966430664,92.02999877929688,92.02999877929688,4882.0
2022-01-19 09:32:00-05:00,92.05999755859375,92.05999755859375,91.9800033569336,92.0,92.0,24550.0
2022-01-19 09:33:00-05:00,92.0,92.0199966430664,91.9800033569336,92.0199966430664,92.0199966430664,16069.0
2022-01-19 09:34:00-05:00,92.01000213623047,92.0199966430664,92.01000213623047,92.0199966430664,92.0199966430664,5549.0
2022-01-19 09:35:00-05:00,92.0,92.0,92.0,92.0,92.0,14310.0
2022-01-19 09:36:00-05:00,92.0,92.0,91.98999786376953,92.0,92.0,10960.0
2022-01-19 09:37:00-05:00,92.0,92.0,91.9800033569336,91.9800033569336,91.9800033569336,7412.0
2022-01-19 09:38:00-05:00,91.9800033569336,91.98999786376953,91.97000122070312,91.98999786376953,91.98999786376953,2937.0
2022-01-19 09:39:00-05:00,92.0,92.01000213623047,92.0,92.01000213623047,92.01000213623047,11730.0
2022-01-19 09:40:00-05:00,92.0199966430664,92.07499694824219,92.0199966430664,92.06999969482422,92.06999969482422,18320.0
2022-01-19 09:41:00-05:00,92.05000305175781,92.05000305175781,92.04000091552734,92.04000091552734,92.04000091552734,1494.0
2022-01-19 09:42:00-05:00,92.0,92.01000213623047,92.0,92.01000213623047,92.01000213623047,23546.0
2022-01-19 09:43:00-05:00,92.01000213623047,92.02999877929688,92.01000213623047,92.02300262451172,92.02300262451172,8232.0
2022-01-19 09:44:00-05:00,92.02999877929688,92.04000091552734,92.02999877929688,92.03500366210938,92.03500366210938,6460.0
2022-01-19 09:45:00-05:00,92.02999877929688,92.03399658203125,92.01000213623047,92.0199966430664,92.0199966430664,6922.0
2022-01-19 09:46:00-05:00,92.0199966430664,92.05000305175781,92.0199966430664,92.05000305175781,92.05000305175781,6460.0
2022-01-19 09:47:00-05:00,92.05500030517578,92.05999755859375,92.05000305175781,92.05999755859375,92.05999755859375,5972.0
2022-01-19 09:48:00-05:00,92.06500244140625,92.08499908447266,92.05999755859375,92.05999755859375,92.05999755859375,10422.0
2022-01-19 09:49:00-05:00,92.06500244140625,92.06999969482422,92.05000305175781,92.05000305175781,92.05000305175781,3664.0
2022-01-19 09:50:00-05:00,92.02999877929688,92.04000091552734,92.0250015258789,92.04000091552734,92.04000091552734,5581.0
2022-01-19 09:51:00-05:00,92.04499816894531,92.05999755859375,92.04000091552734,92.04000091552734,92.04000091552734,7599.0
2022-01-19 09:52:00-05:00,92.05500030517578,92.06500244140625,92.02999877929688,92.04000091552734,92.04000091552734,5784.0
2022-01-19 09:53:00-05:00,92.02999877929688,92.02999877929688,92.02999877929688,92.02999877929688,92.02999877929688,4741.0
2022-01-19 09:54:00-05:00,92.02999877929688,92.02999877929688,92.02999877929688,92.02999877929688,92.02999877929688,1703.0
2022-01-19 09:55:00-05:00,92.01000213623047,92.0199966430664,92.01000213623047,92.0199966430664,92.0199966430664,7192.0
2022-01-19 09:56:00-05:00,92.01000213623047,92.03500366210938,92.01000213623047,92.03500366210938,92.03500366210938,3343.0
2022-01-19 09:57:00-05:00,92.04499816894531,92.05000305175781,92.04000091552734,92.04000091552734,92.04000091552734,3651.0
2022-01-19 09:58:00-05:00,92.04499816894531,92.05000305175781,92.0199966430664,92.05000305175781,92.05000305175781,5339.0
2022-01-19 09:59:00-05:00,92.04499816894531,92.05000305175781,92.04499816894531,92.05000305175781,92.05000305175781,4236.0
2022-01-19 10:00:00-05:00,92.05000305175781,92.05000305175781,92.0199966430664,92.0250015258789,92.0250015258789,10695.0
2022-01-19 10:02:00-05:00,92.0199966430664,92.02999877929688,92.0199966430664,92.0250015258789,92.0250015258789,2473.0
2022-01-19 10:03:00-05:00,92.0250015258789,92.02999877929688,92.0199966430664,92.0250015258789,92.0250015258789,4387.0
2022-01-19 10:04:00-05:00,92.02999877929688,92.03500366210938,92.0199966430664,92.0199966430664,92.0199966430664,5071.0
2022-01-19 10:05:00-05:00,92.0199966430664,92.0250015258789,92.0,92.01000213623047,92.01000213623047,42189.0
2022-01-19 10:06:00-05:00,92.01000213623047,92.01499938964844,92.0,92.01000213623047,92.01000213623047,16312.0
2022-01-19 10:07:00-05:00,92.01499938964844,92.0199966430664,92.01000213623047,92.01000213623047,92.01000213623047,9028.0
2022-01-19 10:08:00-05:00,92.01499938964844,92.0199966430664,92.01000213623047,92.01000213623047,92.01000213623047,3851.0
2022-01-19 10:09:00-05:00,92.01000213623047,92.01499938964844,91.99500274658203,92.00499725341797,92.00499725341797,28471.0
2022-01-19 10:10:00-05:00,92.00499725341797,92.01000213623047,91.98999786376953,91.99500274658203,91.99500274658203,25607.0
2022-01-19 10:11:00-05:00,91.99500274658203,92.01000213623047,91.99500274658203,92.00499725341797,92.00499725341797,5706.0
2022-01-19 10:12:00-05:00,92.01000213623047,92.0199966430664,92.00499725341797,92.00499725341797,92.00499725341797,8636.0
2022-01-19 10:13:00-05:00,92.01000213623047,92.0250015258789,92.01000213623047,92.01499938964844,92.01499938964844,12918.0
2022-01-19 10:14:00-05:00,92.0199966430664,92.02999877929688,92.01499938964844,92.02999877929688,92.02999877929688,7182.0
2022-01-19 10:15:00-05:00,92.0250015258789,92.02999877929688,92.0199966430664,92.0250015258789,92.0250015258789,4867.0
2022-01-19 10:16:00-05:00,92.02140045166016,92.03500366210938,92.01499938964844,92.01499938964844,92.01499938964844,7033.0
2022-01-19 10:17:00-05:00,92.0199966430664,92.0199966430664,92.01000213623047,92.01000213623047,92.01000213623047,5586.0
2022-01-19 10:18:00-05:00,92.01000213623047,92.0199966430664,92.00499725341797,92.00499725341797,92.00499725341797,8626.0
2022-01-19 10:19:00-05:00,92.00499725341797,92.0199966430664,92.00499725341797,92.01499938964844,92.01499938964844,11908.0
2022-01-19 10:20:00-05:00,92.01499938964844,92.04000091552734,92.01499938964844,92.03500366210938,92.03500366210938,18769.0
2022-01-19 10:21:00-05:00,92.02999877929688,92.05000305175781,92.0250015258789,92.03500366210938,92.03500366210938,13103.0
2022-01-19 10:22:00-05:00,92.04000091552734,92.05000305175781,92.0250015258789,92.0250015258789,92.0250015258789,8682.0
2022-01-19 10:23:00-05:00,92.0250015258789,92.0250015258789,92.01000213623047,92.01499938964844,92.01499938964844,16924.0
2022-01-19 10:24:00-05:00,92.0199966430664,92.0199966430664,92.01000213623047,92.01499938964844,92.01499938964844,9671.0
2022-01-19 10:25:00-05:00,92.01499938964844,92.01499938964844,91.99500274658203,91.99500274658203,91.99500274658203,24060.0
2022-01-19 10:26:00-05:00,91.99500274658203,92.00499725341797,91.99500274658203,92.0,92.0,8285.0
2022-01-19 10:27:00-05:00,91.99500274658203,92.00499725341797,91.98500061035156,91.98500061035156,91.98500061035156,8893.0
2022-01-19 10:28:00-05:00,91.98500061035156,91.98999786376953,91.9800033569336,91.9800033569336,91.9800033569336,4021.0
2022-01-19 10:29:00-05:00,91.98500061035156,91.98500061035156,91.97000122070312,91.9749984741211,91.9749984741211,5766.0
2022-01-19 10:30:00-05:00,91.9800033569336,91.9800033569336,91.97000122070312,91.9749984741211,91.9749984741211,5172.0
2022-01-19 10:31:00-05:00,91.9800033569336,91.98999786376953,91.97000122070312,91.9800033569336,91.9800033569336,11963.0
2022-01-19 10:32:00-05:00,91.98999786376953,91.98999786376953,91.98500061035156,91.98500061035156,91.98500061035156,4428.0
2022-01-19 10:33:00-05:00,91.98999786376953,92.0,91.98500061035156,91.99500274658203,91.99500274658203,8621.0
2022-01-19 10:34:00-05:00,91.99500274658203,92.0,91.9749984741211,91.9749984741211,91.9749984741211,17447.0
2022-01-19 10:35:00-05:00,91.97000122070312,91.9800033569336,91.97000122070312,91.9749984741211,91.9749984741211,9395.0
2022-01-19 10:36:00-05:00,91.9749984741211,92.0,91.96499633789062,92.0,92.0,21488.0
2022-01-19 10:37:00-05:00,91.99500274658203,91.99500274658203,91.9800033569336,91.98500061035156,91.98500061035156,4187.0
2022-01-19 10:38:00-05:00,91.98500061035156,91.98500061035156,91.97000122070312,91.9749984741211,91.9749984741211,2584.0
2022-01-19 10:39:00-05:00,91.97000122070312,91.9749984741211,91.94999694824219,91.94999694824219,91.94999694824219,14851.0
2022-01-19 10:40:00-05:00,91.94499969482422,91.95999908447266,91.94000244140625,91.95500183105469,91.95500183105469,8346.0
2022-01-19 10:41:00-05:00,91.95999908447266,91.97000122070312,91.95500183105469,91.95500183105469,91.95500183105469,4809.0
2022-01-19 10:42:00-05:00,91.95500183105469,91.97000122070312,91.94999694824219,91.94999694824219,91.94999694824219,9027.0
2022-01-19 10:43:00-05:00,91.95500183105469,91.95500183105469,91.92500305175781,91.92500305175781,91.92500305175781,4134.0
2022-01-19 10:44:00-05:00,91.92500305175781,91.94000244140625,91.91999816894531,91.92500305175781,91.92500305175781,5551.0
2022-01-19 10:45:00-05:00,91.92500305175781,91.93000030517578,91.91999816894531,91.92500305175781,91.92500305175781,7485.0
2022-01-19 10:46:00-05:00,91.92500305175781,91.97000122070312,91.92500305175781,91.94499969482422,91.94499969482422,13040.0
2022-01-19 10:47:00-05:00,91.94499969482422,91.94999694824219,91.93000030517578,91.94999694824219,91.94999694824219,8790.0
2022-01-19 10:48:00-05:00,91.95999908447266,91.97000122070312,91.95500183105469,91.95999908447266,91.95999908447266,4675.0
2022-01-19 10:49:00-05:00,91.97000122070312,91.97000122070312,91.94999694824219,91.95999908447266,91.95999908447266,4427.0
2022-01-19 10:50:00-05:00,91.95999908447266,91.97000122070312,91.94999694824219,91.96499633789062,91.96499633789062,3571.0
2022-01-19 10:51:00-05:00,91.97000122070312,91.98999786376953,91.97000122070312,91.98999786376953,91.98999786376953,11008.0
2022-01-19 10:52:00-05:00,91.98500061035156,91.98999786376953,91.98500061035156,91.98500061035156,91.98500061035156,1813.0
2022-01-19 10:53:00-05:00,91.98999786376953,91.98999786376953,91.97000122070312,91.9800033569336,91.9800033569336,4073.0
2022-01-19 10:54:00-05:00,91.9800033569336,91.98999786376953,91.96499633789062,91.98500061035156,91.98500061035156,10325.0
2022-01-19 10:55:00-05:00,91.98500061035156,92.00499725341797,91.98500061035156,91.99500274658203,91.99500274658203,13534.0
2022-01-19 10:56:00-05:00,91.98999786376953,92.0,91.9800033569336,91.98500061035156,91.98500061035156,5486.0
2022-01-19 10:57:00-05:00,91.98999786376953,92.00499725341797,91.9800033569336,92.0,92.0,13302.0
2022-01-19 10:58:00-05:00,91.99500274658203,92.0,91.9800033569336,91.98500061035156,91.98500061035156,5434.0
2022-01-19 10:59:00-05:00,91.98500061035156,91.98999786376953,91.96499633789062,91.97000122070312,91.97000122070312,6473.0
2022-01-19 11:00:00-05:00,91.96499633789062,91.97000122070312,91.96499633789062,91.97000122070312,91.97000122070312,944.0
2022-01-19 11:02:00-05:00,91.97000122070312,91.9749984741211,91.95999908447266,91.96499633789062,91.96499633789062,11702.0
2022-01-19 11:03:00-05:00,91.96499633789062,91.9800033569336,91.95999908447266,91.9800033569336,91.9800033569336,5619.0
2022-01-19 11:04:00-05:00,91.9800033569336,91.9800033569336,91.95999908447266,91.96150207519531,91.96150207519531,5086.0
2022-01-19 11:05:00-05:00,91.95999908447266,91.95999908447266,91.94999694824219,91.94999694824219,91.94999694824219,6331.0
2022-01-19 11:06:00-05:00,91.95500183105469,91.95500183105469,91.94499969482422,91.94499969482422,91.94499969482422,3383.0
2022-01-19 11:07:00-05:00,91.94000244140625,91.94000244140625,91.93000030517578,91.93499755859375,91.93499755859375,9281.0
2022-01-19 11:08:00-05:00,91.93000030517578,91.94000244140625,91.92500305175781,91.92500305175781,91.92500305175781,6316.0
2022-01-19 11:09:00-05:00,91.92500305175781,91.92500305175781,91.91999816894531,91.92500305175781,91.92500305175781,3890.0
2022-01-19 11:10:00-05:00,91.93000030517578,91.94000244140625,91.91999816894531,91.92500305175781,91.92500305175781,15007.0
2022-01-19 11:11:00-05:00,91.92500305175781,91.93000030517578,91.91999816894531,91.91999816894531,91.91999816894531,9250.0
2022-01-19 11:12:00-05:00,91.92500305175781,91.94499969482422,91.92500305175781,91.94499969482422,91.94499969482422,10819.0
2022-01-19 11:13:00-05:00,91.94999694824219,91.95999908447266,91.92500305175781,91.92500305175781,91.92500305175781,14824.0
2022-01-19 11:14:00-05:00,91.92500305175781,91.93000030517578,91.91999816894531,91.92500305175781,91.92500305175781,23232.0
2022-01-19 11:15:00-05:00,91.92500305175781,91.94999694824219,91.92500305175781,91.94499969482422,91.94499969482422,9989.0
2022-01-19 11:16:00-05:00,91.94499969482422,91.94999694824219,91.92500305175781,91.92500305175781,91.92500305175781,8907.0
2022-01-19 11:17:00-05:00,91.92500305175781,91.95500183105469,91.91500091552734,91.94499969482422,91.94499969482422,30461.0
2022-01-19 11:18:00-05:00,91.94999694824219,91.95999908447266,91.94000244140625,91.94080352783203,91.94080352783203,13387.0
2022-01-19 11:19:00-05:00,91.94499969482422,91.98999786376953,91.94499969482422,91.9800033569336,91.9800033569336,27321.0
2022-01-19 11:20:00-05:00,91.9800033569336,91.98999786376953,91.97000122070312,91.9749984741211,91.9749984741211,19621.0
2022-01-19 11:21:00-05:00,91.97000122070312,91.99500274658203,91.97000122070312,91.99500274658203,91.99500274658203,17034.0
2022-01-19 11:22:00-05:00,92.0,92.0250015258789,91.9749984741211,91.9749984741211,91.9749984741211,15477.0
2022-01-19 11:23:00-05:00,91.9800033569336,91.98500061035156,91.9800033569336,91.98500061035156,91.98500061035156,4599.0
2022-01-19 11:24:00-05:00,91.98999786376953,92.01000213623047,91.98500061035156,92.01000213623047,92.01000213623047,18560.0
2022-01-19 11:25:00-05:00,92.00499725341797,92.00499725341797,91.98500061035156,91.99500274658203,91.99500274658203,15437.0
2022-01-19 11:26:00-05:00,91.98999786376953,91.99500274658203,91.98500061035156,91.99500274658203,91.99500274658203,9008.0
2022-01-19 11:27:00-05:00,91.99500274658203,92.0,91.9800033569336,91.98999786376953,91.98999786376953,8466.0
2022-01-19 11:28:00-05:00,92.0,92.0,91.98999786376953,91.99500274658203,91.99500274658203,7496.0
2022-01-19 11:29:00-05:00,91.99500274658203,92.0199966430664,91.98999786376953,92.0,92.0,17556.0
2022-01-19 11:30:00-05:00,92.0,92.01499938964844,91.9800033569336,92.0,92.0,16193.0
2022-01-19 11:31:00-05:00,92.0,92.00499725341797,91.98999786376953,91.99500274658203,91.99500274658203,3124.0
2022-01-19 11:32:00-05:00,91.98999786376953,91.99500274658203,91.98500061035156,91.98999786376953,91.98999786376953,2425.0
2022-01-19 11:33:00-05:00,91.98500061035156,91.98500061035156,91.9749984741211,91.9749984741211,91.9749984741211,2104.0
2022-01-19 11:34:00-05:00,91.97000122070312,91.97000122070312,91.95999908447266,91.95999908447266,91.95999908447266,1465.0
2022-01-19 11:35:00-05:00,91.97000122070312,92.01000213623047,91.97000122070312,92.0,92.0,7607.0
2022-01-19 11:36:00-05:00,92.00019836425781,92.00499725341797,92.0,92.00499725341797,92.00499725341797,4277.0
2022-01-19 11:37:00-05:00,92.00499725341797,92.00499725341797,92.0,92.00499725341797,92.00499725341797,616.0
2022-01-19 11:38:00-05:00,92.01000213623047,92.01000213623047,92.0,92.0,92.0,4180.0
2022-01-19 11:39:00-05:00,92.0,92.01000213623047,91.98500061035156,91.98500061035156,91.98500061035156,4513.0
2022-01-19 11:40:00-05:00,91.9800033569336,91.98500061035156,91.9749984741211,91.98500061035156,91.98500061035156,2071.0
2022-01-19 11:41:00-05:00,91.9800033569336,91.98500061035156,91.9800033569336,91.98500061035156,91.98500061035156,1689.0
2022-01-19 11:42:00-05:00,91.9800033569336,91.9800033569336,91.9800033569336,91.9800033569336,91.9800033569336,904.0
2022-01-19 11:43:00-05:00,91.972900390625,91.98999786376953,91.97000122070312,91.98500061035156,91.98500061035156,2825.0
2022-01-19 11:44:00-05:00,91.9800033569336,92.01499938964844,91.9800033569336,92.0,92.0,7034.0
2022-01-19 11:45:00-05:00,92.0,92.0,91.98999786376953,92.0,92.0,1739.0
2022-01-19 11:46:00-05:00,92.00499725341797,92.02999877929688,92.00499725341797,92.0250015258789,92.0250015258789,6732.0
2022-01-19 11:47:00-05:00,92.02999877929688,92.05500030517578,92.0250015258789,92.0250015258789,92.0250015258789,9766.0
2022-01-19 11:48:00-05:00,92.0199966430664,92.0199966430664,92.01499938964844,92.01499938964844,92.01499938964844,1665.0
2022-01-19 11:49:00-05:00,92.01499938964844,92.0199966430664,92.0,92.00499725341797,92.00499725341797,1276.0
2022-01-19 11:50:00-05:00,92.0,92.0199966430664,92.0,92.0199966430664,92.0199966430664,1837.0
2022-01-19 11:51:00-05:00,92.01000213623047,92.02999877929688,92.0,92.0199966430664,92.0199966430664,5572.0
2022-01-19 11:52:00-05:00,92.02999877929688,92.02999877929688,92.0250015258789,92.02999877929688,92.02999877929688,1492.0
2022-01-19 11:53:00-05:00,92.02999877929688,92.05000305175781,92.02999877929688,92.04499816894531,92.04499816894531,2376.0
2022-01-19 11:54:00-05:00,92.04000091552734,92.04000091552734,92.02999877929688,92.04000091552734,92.04000091552734,2469.0
2022-01-19 11:55:00-05:00,92.02999877929688,92.02999877929688,92.00499725341797,92.00499725341797,92.00499725341797,1660.0
2022-01-19 11:56:00-05:00,92.01000213623047,92.02999877929688,92.01000213623047,92.01000213623047,92.01000213623047,2527.0
2022-01-19 11:57:00-05:00,92.01000213623047,92.01000213623047,92.00499725341797,92.00499725341797,92.00499725341797,2725.0
2022-01-19 11:58:00-05:00,92.00499725341797,92.01000213623047,92.0,92.01000213623047,92.01000213623047,5242.0
2022-01-19 11:59:00-05:00,92.0,92.0250015258789,92.0,92.01499938964844,92.01499938964844,4985.0
2022-01-19 12:00:00-05:00,92.01000213623047,92.01499938964844,92.00499725341797,92.01000213623047,92.01000213623047,4908.0
2022-01-19 12:02:00-05:00,92.00499725341797,92.01499938964844,91.9834976196289,91.98999786376953,91.98999786376953,16482.0
2022-01-19 12:03:00-05:00,91.98500061035156,92.0,91.98500061035156,92.0,92.0,4233.0
2022-01-19 12:04:00-05:00,92.0,92.0,91.99500274658203,91.99500274658203,91.99500274658203,2294.0
2022-01-19 12:05:00-05:00,91.99500274658203,92.0,91.98999786376953,92.0,92.0,2182.0
2022-01-19 12:06:00-05:00,91.99500274658203,91.99500274658203,91.98999786376953,91.99500274658203,91.99500274658203,1315.0
2022-01-19 12:07:00-05:00,92.0,92.01499938964844,92.0,92.01499938964844,92.01499938964844,10979.0
2022-01-19 12:08:00-05:00,92.0199966430664,92.0250015258789,92.01000213623047,92.01000213623047,92.01000213623047,6297.0
2022-01-19 12:09:00-05:00,92.01499938964844,92.0199966430664,92.01499938964844,92.0199966430664,92.0199966430664,1014.0
2022-01-19 12:10:00-05:00,92.01499938964844,92.0199966430664,92.01000213623047,92.01499938964844,92.01499938964844,2055.0
2022-01-19 12:11:00-05:00,92.0199966430664,92.03500366210938,92.01499938964844,92.03060150146484,92.03060150146484,9881.0
2022-01-19 12:12:00-05:00,92.03500366210938,92.05000305175781,92.02999877929688,92.04060363769531,92.04060363769531,7767.0
2022-01-19 12:13:00-05:00,92.03009796142578,92.05000305175781,92.03009796142578,92.04499816894531,92.04499816894531,5124.0
2022-01-19 12:14:00-05:00,92.04000091552734,92.04000091552734,92.0199966430664,92.0199966430664,92.0199966430664,3541.0
2022-01-19 12:15:00-05:00,92.0199966430664,92.0199966430664,92.0000991821289,92.00499725341797,92.00499725341797,2879.0
2022-01-19 12:16:00-05:00,92.0,92.01000213623047,92.0,92.01000213623047,92.01000213623047,852.0
2022-01-19 12:17:00-05:00,92.00499725341797,92.00499725341797,92.0,92.00499725341797,92.00499725341797,1352.0
2022-01-19 12:18:00-05:00,92.0,92.00499725341797,91.98999786376953,91.98999786376953,91.98999786376953,5220.0
2022-01-19 12:19:00-05:00,91.98999786376953,91.99500274658203,91.9800033569336,91.98999786376953,91.98999786376953,1905.0
2022-01-19 12:20:00-05:00,91.99500274658203,92.0,91.99500274658203,92.0,92.0,644.0
2022-01-19 12:21:00-05:00,91.99500274658203,92.0199966430664,91.99500274658203,92.0199966430664,92.0199966430664,6103.0
2022-01-19 12:22:00-05:00,92.01499938964844,92.0199966430664,92.0,92.0,92.0,2912.0
2022-01-19 12:23:00-05:00,91.99500274658203,91.99500274658203,91.98999786376953,91.99500274658203,91.99500274658203,766.0
2022-01-19 12:24:00-05:00,91.99500274658203,92.01000213623047,91.99500274658203,92.00499725341797,92.00499725341797,7755.0
2022-01-19 12:25:00-05:00,92.0,92.00499725341797,91.99500274658203,92.0,92.0,5300.0
2022-01-19 12:26:00-05:00,92.0,92.01000213623047,91.99500274658203,91.99500274658203,91.99500274658203,2817.0
2022-01-19 12:27:00-05:00,92.0,92.0,91.98999786376953,91.99500274658203,91.99500274658203,3516.0
2022-01-19 12:28:00-05:00,92.0,92.0,91.99500274658203,91.99500274658203,91.99500274658203,1103.0
2022-01-19 12:29:00-05:00,91.99500274658203,92.0,91.99500274658203,92.0,92.0,245.0
2022-01-19 12:30:00-05:00,92.0,92.00499725341797,91.99500274658203,92.00499725341797,92.00499725341797,5055.0
2022-01-19 12:31:00-05:00,92.00499725341797,92.01499938964844,92.0,92.0,92.0,9503.0
2022-01-19 12:32:00-05:00,92.0,92.0,91.99500274658203,91.99500274658203,91.99500274658203,2856.0
2022-01-19 12:33:00-05:00,91.98999786376953,92.0,91.98500061035156,91.98500061035156,91.98500061035156,12117.0
2022-01-19 12:34:00-05:00,91.9800033569336,91.98500061035156,91.9800033569336,91.98500061035156,91.98500061035156,1900.0
2022-01-19 12:35:00-05:00,91.98500061035156,91.99500274658203,91.98500061035156,91.99500274658203,91.99500274658203,4778.0
2022-01-19 12:36:00-05:00,91.98999786376953,91.99500274658203,91.98999786376953,91.98999786376953,91.98999786376953,2003.0
2022-01-19 12:37:00-05:00,91.99500274658203,91.99500274658203,91.9749984741211,91.9749984741211,91.9749984741211,3494.0
2022-01-19 12:38:00-05:00,91.97160339355469,91.9749984741211,91.95999908447266,91.96499633789062,91.96499633789062,3547.0
2022-01-19 12:39:00-05:00,91.96499633789062,91.96499633789062,91.94999694824219,91.96499633789062,91.96499633789062,8935.0
2022-01-19 12:40:00-05:00,91.96499633789062,91.96499633789062,91.95999908447266,91.95999908447266,91.95999908447266,1819.0
2022-01-19 12:41:00-05:00,91.96499633789062,91.96499633789062,91.95500183105469,91.95999908447266,91.95999908447266,3958.0
2022-01-19 12:42:00-05:00,91.96499633789062,91.96499633789062,91.95500183105469,91.95500183105469,91.95500183105469,810.0
2022-01-19 12:43:00-05:00,91.95500183105469,91.9749984741211,91.95500183105469,91.9749984741211,91.9749984741211,3048.0
2022-01-19 12:44:00-05:00,91.9749984741211,91.9749984741211,91.97000122070312,91.97000122070312,91.97000122070312,1587.0
2022-01-19 12:45:00-05:00,91.97000122070312,91.9749984741211,91.97000122070312,91.9749984741211,91.9749984741211,977.0
2022-01-19 12:46:00-05:00,91.98500061035156,91.99500274658203,91.9800033569336,91.99500274658203,91.99500274658203,6574.0
2022-01-19 12:47:00-05:00,91.99500274658203,92.0,91.99500274658203,92.0,92.0,1108.0
2022-01-19 12:48:00-05:00,91.99500274658203,91.99500274658203,91.9749984741211,91.99500274658203,91.99500274658203,7926.0
2022-01-19 12:49:00-05:00,91.99500274658203,92.0,91.9800033569336,91.9800033569336,91.9800033569336,3389.0
2022-01-19 12:50:00-05:00,91.97000122070312,91.98500061035156,91.97000122070312,91.9800033569336,91.9800033569336,1923.0
2022-01-19 12:51:00-05:00,91.9800033569336,91.98500061035156,91.9800033569336,91.9800033569336,91.9800033569336,2413.0
2022-01-19 12:52:00-05:00,91.97000122070312,91.9749984741211,91.94999694824219,91.95500183105469,91.95500183105469,5372.0
2022-01-19 12:53:00-05:00,91.94999694824219,91.95500183105469,91.94999694824219,91.95500183105469,91.95500183105469,363.0
2022-01-19 12:54:00-05:00,91.94999694824219,91.95999908447266,91.94999694824219,91.95500183105469,91.95500183105469,866.0
2022-01-19 12:55:00-05:00,91.94999694824219,91.95999908447266,91.94999694824219,91.95999908447266,91.95999908447266,2352.0
2022-01-19 12:56:00-05:00,91.95999908447266,91.97000122070312,91.95999908447266,91.97000122070312,91.97000122070312,3136.0
2022-01-19 12:57:00-05:00,91.96499633789062,91.96499633789062,91.96499633789062,91.96499633789062,91.96499633789062,435.0
2022-01-19 12:58:00-05:00,91.96399688720703,91.96499633789062,91.96399688720703,91.96499633789062,91.96499633789062,1242.0
2022-01-19 12:59:00-05:00,91.97000122070312,91.98999786376953,91.96499633789062,91.98999786376953,91.98999786376953,7047.0
2022-01-19 13:00:00-05:00,91.98500061035156,91.98500061035156,91.97000122070312,91.9800033569336,91.9800033569336,7125.0
2022-01-19 13:02:00-05:00,91.9800033569336,92.0,91.9800033569336,91.9802017211914,91.9802017211914,13130.0
2022-01-19 13:03:00-05:00,91.98500061035156,91.99500274658203,91.98500061035156,91.99500274658203,91.99500274658203,2445.0
2022-01-19 13:04:00-05:00,91.99500274658203,91.99500274658203,91.98999786376953,91.98999786376953,91.98999786376953,1325.0
2022-01-19 13:05:00-05:00,91.98999786376953,91.99500274658203,91.97000122070312,91.9749984741211,91.9749984741211,3118.0
2022-01-19 13:06:00-05:00,91.97000122070312,91.9800033569336,91.97000122070312,91.9800033569336,91.9800033569336,3096.0
2022-01-19 13:07:00-05:00,91.9749984741211,91.9749984741211,91.9749984741211,91.9749984741211,91.9749984741211,327.0
2022-01-19 13:08:00-05:00,91.9749984741211,91.98999786376953,91.97000122070312,91.98999786376953,91.98999786376953,6152.0
2022-01-19 13:09:00-05:00,91.98500061035156,91.98999786376953,91.98500061035156,91.98999786376953,91.98999786376953,1221.0
2022-01-19 13:10:00-05:00,91.98799896240234,91.98799896240234,91.98799896240234,91.98799896240234,91.98799896240234,456.0
2022-01-19 13:11:00-05:00,91.98500061035156,92.0,91.9800033569336,92.0,92.0,5316.0
2022-01-19 13:12:00-05:00,91.99009704589844,92.00499725341797,91.98999786376953,91.98999786376953,91.98999786376953,17786.0
2022-01-19 13:13:00-05:00,91.99500274658203,91.99500274658203,91.97000122070312,91.97000122070312,91.97000122070312,2819.0
2022-01-19 13:14:00-05:00,91.9749984741211,91.9749984741211,91.97000122070312,91.97000122070312,91.97000122070312,1866.0
2022-01-19 13:15:00-05:00,91.97000122070312,91.9800033569336,91.96499633789062,91.9800033569336,91.9800033569336,8209.0
2022-01-19 13:16:00-05:00,91.97000122070312,91.9749984741211,91.97000122070312,91.9749984741211,91.9749984741211,761.0
2022-01-19 13:17:00-05:00,91.97000122070312,91.9749984741211,91.95999908447266,91.9749984741211,91.9749984741211,4388.0
2022-01-19 13:18:00-05:00,91.9749984741211,91.9749984741211,91.9749984741211,91.9749984741211,91.9749984741211,101.0
2022-01-19 13:19:00-05:00,91.9749984741211,91.98500061035156,91.9749984741211,91.9800033569336,91.9800033569336,5345.0
2022-01-19 13:20:00-05:00,91.98500061035156,91.98500061035156,91.97000122070312,91.97000122070312,91.97000122070312,4880.0
2022-01-19 13:21:00-05:00,91.9749984741211,91.9749984741211,91.96499633789062,91.96499633789062,91.96499633789062,1927.0
2022-01-19 13:22:00-05:00,91.97000122070312,91.9800033569336,91.97000122070312,91.97000122070312,91.97000122070312,3452.0
2022-01-19 13:23:00-05:00,91.97000122070312,91.9749984741211,91.97000122070312,91.9749984741211,91.9749984741211,1646.0
2022-01-19 13:24:00-05:00,91.96499633789062,91.96499633789062,91.96499633789062,91.96499633789062,91.96499633789062,425.0
2022-01-19 13:25:00-05:00,91.95999908447266,91.96499633789062,91.95999908447266,91.96499633789062,91.96499633789062,1000.0
2022-01-19 13:26:00-05:00,91.96499633789062,91.97000122070312,91.95999908447266,91.97000122070312,91.97000122070312,3717.0
2022-01-19 13:27:00-05:00,91.96499633789062,91.97000122070312,91.96499633789062,91.96499633789062,91.96499633789062,2655.0
2022-01-19 13:28:00-05:00,91.96499633789062,91.97000122070312,91.96499633789062,91.97000122070312,91.97000122070312,300.0
2022-01-19 13:29:00-05:00,91.96499633789062,91.96499633789062,91.94999694824219,91.95500183105469,91.95500183105469,9530.0
2022-01-19 13:30:00-05:00,91.95500183105469,91.95999908447266,91.94000244140625,91.94999694824219,91.94999694824219,17413.0
2022-01-19 13:31:00-05:00,91.94999694824219,91.97000122070312,91.94999694824219,91.95500183105469,91.95500183105469,4347.0
2022-01-19 13:32:00-05:00,91.95500183105469,91.97000122070312,91.95500183105469,91.95999908447266,91.95999908447266,5077.0
2022-01-19 13:33:00-05:00,91.95500183105469,91.95500183105469,91.94999694824219,91.94999694824219,91.94999694824219,818.0
2022-01-19 13:34:00-05:00,91.94000244140625,91.94499969482422,91.94000244140625,91.94000244140625,91.94000244140625,1633.0
2022-01-19 13:35:00-05:00,91.94000244140625,91.94499969482422,91.93000030517578,91.93499755859375,91.93499755859375,6324.0
2022-01-19 13:36:00-05:00,91.93499755859375,91.94000244140625,91.93000030517578,91.93499755859375,91.93499755859375,3543.0
2022-01-19 13:37:00-05:00,91.93499755859375,91.94000244140625,91.93000030517578,91.94000244140625,91.94000244140625,8763.0
2022-01-19 13:38:00-05:00,91.93000030517578,91.93000030517578,91.91999816894531,91.93000030517578,91.93000030517578,8291.0
2022-01-19 13:39:00-05:00,91.93000030517578,91.93499755859375,91.92500305175781,91.93000030517578,91.93000030517578,4349.0
2022-01-19 13:40:00-05:00,91.92500305175781,91.93000030517578,91.91999816894531,91.93000030517578,91.93000030517578,3013.0
2022-01-19 13:41:00-05:00,91.91999816894531,91.93000030517578,91.91999816894531,91.93000030517578,91.93000030517578,5063.0
2022-01-19 13:42:00-05:00,91.93000030517578,91.93000030517578,91.92500305175781,91.93000030517578,91.93000030517578,1776.0
2022-01-19 13:43:00-05:00,91.91999816894531,91.93000030517578,91.91999816894531,91.93000030517578,91.93000030517578,3107.0
2022-01-19 13:44:00-05:00,91.92500305175781,91.93000030517578,91.91999816894531,91.93000030517578,91.93000030517578,3213.0
2022-01-19 13:45:00-05:00,91.93000030517578,91.93000030517578,91.92500305175781,91.93000030517578,91.93000030517578,972.0
2022-01-19 13:46:00-05:00,91.92500305175781,91.93000030517578,91.92469787597656,91.93000030517578,91.93000030517578,3388.0
2022-01-19 13:47:00-05:00,91.92500305175781,91.94999694824219,91.92500305175781,91.94000244140625,91.94000244140625,12208.0
2022-01-19 13:48:00-05:00,91.94000244140625,91.94000244140625,91.93499755859375,91.93499755859375,91.93499755859375,821.0
2022-01-19 13:49:00-05:00,91.94000244140625,91.94000244140625,91.93499755859375,91.93499755859375,91.93499755859375,505.0
2022-01-19 13:50:00-05:00,91.94000244140625,91.94000244140625,91.92500305175781,91.92500305175781,91.92500305175781,4097.0
2022-01-19 13:51:00-05:00,91.93000030517578,91.94000244140625,91.92500305175781,91.93499755859375,91.93499755859375,3983.0
2022-01-19 13:52:00-05:00,91.93499755859375,91.95999908447266,91.93499755859375,91.94000244140625,91.94000244140625,10845.0
2022-01-19 13:53:00-05:00,91.93499755859375,91.93499755859375,91.93499755859375,91.93499755859375,91.93499755859375,241.0
2022-01-19 13:54:00-05:00,91.94000244140625,91.94000244140625,91.93000030517578,91.93499755859375,91.93499755859375,5252.0
2022-01-19 13:55:00-05:00,91.94000244140625,91.94000244140625,91.93000030517578,91.94000244140625,91.94000244140625,2853.0
2022-01-19 13:56:00-05:00,91.94000244140625,91.94499969482422,91.93000030517578,91.94000244140625,91.94000244140625,7655.0
2022-01-19 13:57:00-05:00,91.94000244140625,91.94000244140625,91.93000030517578,91.93000030517578,91.93000030517578,3028.0
2022-01-19 13:58:00-05:00,91.93499755859375,91.94000244140625,91.91999816894531,91.93000030517578,91.93000030517578,16647.0
2022-01-19 13:59:00-05:00,91.93000030517578,91.93499755859375,91.91999816894531,91.92500305175781,91.92500305175781,6361.0
2022-01-19 14:00:00-05:00,91.91999816894531,91.93000030517578,91.91000366210938,91.92500305175781,91.92500305175781,30967.0
2022-01-19 14:02:00-05:00,91.93000030517578,91.94000244140625,91.93000030517578,91.94000244140625,91.94000244140625,1142.0
2022-01-19 14:03:00-05:00,91.93499755859375,91.93499755859375,91.92500305175781,91.92500305175781,91.92500305175781,4161.0
2022-01-19 14:04:00-05:00,91.91999816894531,91.93000030517578,91.91500091552734,91.91500091552734,91.91500091552734,7097.0
2022-01-19 14:05:00-05:00,91.91500091552734,91.91500091552734,91.9000015258789,91.91000366210938,91.91000366210938,16468.0
2022-01-19 14:06:00-05:00,91.91999816894531,91.91999816894531,91.91000366210938,91.91999816894531,91.91999816894531,12454.0
2022-01-19 14:07:00-05:00,91.91999816894531,91.91999816894531,91.91000366210938,91.91000366210938,91.91000366210938,3782.0
2022-01-19 14:08:00-05:00,91.91500091552734,91.91500091552734,91.91500091552734,91.91500091552734,91.91500091552734,277.0
2022-01-19 14:09:00-05:00,91.91500091552734,91.91999816894531,91.91000366210938,91.91500091552734,91.91500091552734,2633.0
2022-01-19 14:10:00-05:00,91.91500091552734,91.91999816894531,91.88999938964844,91.91500091552734,91.91500091552734,54148.0
2022-01-19 14:11:00-05:00,91.91500091552734,91.91500091552734,91.90499877929688,91.90499877929688,91.90499877929688,2550.0
2022-01-19 14:12:00-05:00,91.90499877929688,91.90499877929688,91.87999725341797,91.88500213623047,91.88500213623047,11658.0
2022-01-19 14:13:00-05:00,91.87999725341797,91.88500213623047,91.83999633789062,91.83999633789062,91.83999633789062,12461.0
2022-01-19 14:14:00-05:00,91.83499908447266,91.83999633789062,91.80999755859375,91.80999755859375,91.80999755859375,17223.0
2022-01-19 14:15:00-05:00,91.81500244140625,91.83000183105469,91.80999755859375,91.83000183105469,91.83000183105469,11168.0
2022-01-19 14:16:00-05:00,91.83999633789062,91.84500122070312,91.83499908447266,91.83999633789062,91.83999633789062,7788.0
2022-01-19 14:17:00-05:00,91.8499984741211,91.87000274658203,91.84500122070312,91.86000061035156,91.86000061035156,10393.0
2022-01-19 14:18:00-05:00,91.8550033569336,91.8550033569336,91.83999633789062,91.8499984741211,91.8499984741211,8228.0
2022-01-19 14:19:00-05:00,91.84500122070312,91.8499984741211,91.84500122070312,91.8499984741211,91.8499984741211,1054.0
2022-01-19 14:20:00-05:00,91.8499984741211,91.8499984741211,91.83999633789062,91.83999633789062,91.83999633789062,1540.0
2022-01-19 14:21:00-05:00,91.84500122070312,91.84500122070312,91.83000183105469,91.83499908447266,91.83499908447266,9193.0
2022-01-19 14:22:00-05:00,91.83999633789062,91.87000274658203,91.83499908447266,91.86000061035156,91.86000061035156,14014.0
2022-01-19 14:23:00-05:00,91.86000061035156,91.87999725341797,91.8499984741211,91.87999725341797,91.87999725341797,36697.0
2022-01-19 14:24:00-05:00,91.87999725341797,91.88999938964844,91.86699676513672,91.88999938964844,91.88999938964844,9256.0
2022-01-19 14:25:00-05:00,91.88999938964844,91.90499877929688,91.88999938964844,91.89019775390625,91.89019775390625,17644.0
2022-01-19 14:26:00-05:00,91.88999938964844,91.8949966430664,91.87999725341797,91.88500213623047,91.88500213623047,3062.0
2022-01-19 14:27:00-05:00,91.88500213623047,91.88999938964844,91.87999725341797,91.88999938964844,91.88999938964844,10593.0
2022-01-19 14:28:00-05:00,91.88500213623047,91.88999938964844,91.875,91.87999725341797,91.87999725341797,6734.0
2022-01-19 14:29:00-05:00,91.87999725341797,91.87999725341797,91.86000061035156,91.86499786376953,91.86499786376953,10154.0
2022-01-19 14:30:00-05:00,91.86499786376953,91.8949966430664,91.86499786376953,91.8949966430664,91.8949966430664,10877.0
2022-01-19 14:31:00-05:00,91.9000015258789,91.91000366210938,91.9000015258789,91.90499877929688,91.90499877929688,2997.0
2022-01-19 14:32:00-05:00,91.91000366210938,91.91500091552734,91.9000015258789,91.9000015258789,91.9000015258789,6547.0
2022-01-19 14:33:00-05:00,91.90499877929688,91.91000366210938,91.90499877929688,91.91000366210938,91.91000366210938,3214.0
2022-01-19 14:34:00-05:00,91.91000366210938,91.91000366210938,91.9000015258789,91.91000366210938,91.91000366210938,5517.0
2022-01-19 14:35:00-05:00,91.90499877929688,91.91000366210938,91.90019989013672,91.91000366210938,91.91000366210938,4711.0
2022-01-19 14:36:00-05:00,91.91000366210938,91.94000244140625,91.91000366210938,91.94000244140625,91.94000244140625,6896.0
2022-01-19 14:37:00-05:00,91.93000030517578,91.93499755859375,91.91999816894531,91.93499755859375,91.93499755859375,8833.0
2022-01-19 14:38:00-05:00,91.93000030517578,91.94000244140625,91.93000030517578,91.93499755859375,91.93499755859375,8439.0
2022-01-19 14:39:00-05:00,91.93499755859375,91.94000244140625,91.93000030517578,91.93499755859375,91.93499755859375,4222.0
2022-01-19 14:40:00-05:00,91.94000244140625,91.94000244140625,91.93000030517578,91.93499755859375,91.93499755859375,2637.0
2022-01-19 14:41:00-05:00,91.93150329589844,91.94000244140625,91.93150329589844,91.94000244140625,91.94000244140625,2707.0
2022-01-19 14:42:00-05:00,91.94000244140625,91.97000122070312,91.93499755859375,91.96499633789062,91.96499633789062,8927.0
2022-01-19 14:43:00-05:00,91.96499633789062,91.98500061035156,91.95500183105469,91.9800033569336,91.9800033569336,17844.0
2022-01-19 14:44:00-05:00,91.9800033569336,91.98999786376953,91.97019958496094,91.98999786376953,91.98999786376953,3278.0
2022-01-19 14:45:00-05:00,91.98500061035156,91.98500061035156,91.9800033569336,91.9800033569336,91.9800033569336,1775.0
2022-01-19 14:46:00-05:00,91.9749984741211,91.9749984741211,91.9749984741211,91.9749984741211,91.9749984741211,2085.0
2022-01-19 14:47:00-05:00,91.97000122070312,91.9749984741211,91.95999908447266,91.95999908447266,91.95999908447266,4370.0
2022-01-19 14:48:00-05:00,91.95500183105469,91.95500183105469,91.95500183105469,91.95500183105469,91.95500183105469,566.0
2022-01-19 14:49:00-05:00,91.94999694824219,91.95999908447266,91.94999694824219,91.95999908447266,91.95999908447266,2614.0
2022-01-19 14:50:00-05:00,91.95500183105469,91.95999908447266,91.95500183105469,91.95999908447266,91.95999908447266,700.0
2022-01-19 14:51:00-05:00,91.95500183105469,91.95500183105469,91.94999694824219,91.95500183105469,91.95500183105469,5935.0
2022-01-19 14:52:00-05:00,91.95999908447266,91.95999908447266,91.94999694824219,91.95500183105469,91.95500183105469,1822.0
2022-01-19 14:53:00-05:00,91.95500183105469,91.95500183105469,91.94999694824219,91.95500183105469,91.95500183105469,4259.0
2022-01-19 14:54:00-05:00,91.9800033569336,91.99500274658203,91.9800033569336,91.99500274658203,91.99500274658203,12963.0
2022-01-19 14:55:00-05:00,92.0,92.0250015258789,92.0,92.0199966430664,92.0199966430664,16358.0
2022-01-19 14:56:00-05:00,92.0199966430664,92.0199966430664,92.00499725341797,92.01499938964844,92.01499938964844,6142.0
2022-01-19 14:57:00-05:00,92.01499938964844,92.0199966430664,92.01000213623047,92.01499938964844,92.01499938964844,2781.0
2022-01-19 14:58:00-05:00,92.01000213623047,92.0250015258789,92.0,92.00499725341797,92.00499725341797,14294.0
2022-01-19 14:59:00-05:00,92.00499725341797,92.00499725341797,91.99500274658203,91.99500274658203,91.99500274658203,1464.0
2022-01-19 15:00:00-05:00,91.98999786376953,91.98999786376953,91.98500061035156,91.98999786376953,91.98999786376953,3247.0
2022-01-19 15:02:00-05:00,92.0,92.02999877929688,92.0,92.0250015258789,92.0250015258789,21475.0
2022-01-19 15:03:00-05:00,92.0250015258789,92.02999877929688,92.01499938964844,92.01499938964844,92.01499938964844,4515.0
2022-01-19 15:04:00-05:00,92.01000213623047,92.01499938964844,92.00499725341797,92.00499725341797,92.00499725341797,3794.0
2022-01-19 15:05:00-05:00,92.01000213623047,92.01000213623047,92.00499725341797,92.01000213623047,92.01000213623047,4076.0
2022-01-19 15:06:00-05:00,92.0,92.01000213623047,92.0,92.01000213623047,92.01000213623047,6122.0
2022-01-19 15:07:00-05:00,92.0,92.00499725341797,91.98999786376953,92.00499725341797,92.00499725341797,7989.0
2022-01-19 15:08:00-05:00,92.01000213623047,92.0250015258789,92.00499725341797,92.0199966430664,92.0199966430664,7769.0
2022-01-19 15:09:00-05:00,92.0250015258789,92.0250015258789,92.0250015258789,92.0250015258789,92.0250015258789,541.0
2022-01-19 15:10:00-05:00,92.0199966430664,92.04000091552734,92.01329803466797,92.03500366210938,92.03500366210938,5631.0
2022-01-19 15:11:00-05:00,92.03500366210938,92.06500244140625,92.03500366210938,92.05500030517578,92.05500030517578,3279.0
2022-01-19 15:12:00-05:00,92.05999755859375,92.05999755859375,92.05619812011719,92.05619812011719,92.05619812011719,688.0
2022-01-19 15:13:00-05:00,92.05999755859375,92.06999969482422,92.05500030517578,92.06500244140625,92.06500244140625,3367.0
2022-01-19 15:14:00-05:00,92.05999755859375,92.07499694824219,92.01499938964844,92.01499938964844,92.01499938964844,10307.0
2022-01-19 15:15:00-05:00,92.0199966430664,92.0199966430664,92.0,92.00499725341797,92.00499725341797,5167.0
2022-01-19 15:16:00-05:00,92.00499725341797,92.04000091552734,91.99500274658203,92.02999877929688,92.02999877929688,18442.0
2022-01-19 15:17:00-05:00,92.0250015258789,92.0250015258789,92.01010131835938,92.01499938964844,92.01499938964844,6380.0
2022-01-19 15:18:00-05:00,92.01499938964844,92.0199966430664,92.0,92.01499938964844,92.01499938964844,4975.0
2022-01-19 15:19:00-05:00,92.01499938964844,92.01499938964844,91.99500274658203,91.99980163574219,91.99980163574219,6012.0
2022-01-19 15:20:00-05:00,91.99500274658203,92.00499725341797,91.94499969482422,91.94499969482422,91.94499969482422,13525.0
2022-01-19 15:21:00-05:00,91.94999694824219,91.97000122070312,91.94999694824219,91.97000122070312,91.97000122070312,2949.0
2022-01-19 15:22:00-05:00,91.97000122070312,92.00499725341797,91.92500305175781,91.97000122070312,91.97000122070312,26784.0
2022-01-19 15:23:00-05:00,91.98500061035156,92.0,91.9800033569336,91.98999786376953,91.98999786376953,6335.0
2022-01-19 15:24:00-05:00,91.98500061035156,91.99500274658203,91.9800033569336,91.98999786376953,91.98999786376953,6715.0
2022-01-19 15:25:00-05:00,91.99500274658203,92.0,91.99500274658203,91.99500274658203,91.99500274658203,1163.0
2022-01-19 15:26:00-05:00,91.99500274658203,92.0,91.9800033569336,91.9800033569336,91.9800033569336,4472.0
2022-01-19 15:27:00-05:00,91.98999786376953,92.0,91.98500061035156,91.98999786376953,91.98999786376953,20895.0
2022-01-19 15:28:00-05:00,91.98999786376953,91.99500274658203,91.9800033569336,91.98500061035156,91.98500061035156,5206.0
2022-01-19 15:29:00-05:00,91.98500061035156,91.98999786376953,91.97779846191406,91.98500061035156,91.98500061035156,6619.0
2022-01-19 15:30:00-05:00,91.9800033569336,92.0,91.9800033569336,91.99500274658203,91.99500274658203,10099.0
2022-01-19 15:31:00-05:00,91.99500274658203,92.01000213623047,91.98500061035156,91.98500061035156,91.98500061035156,10994.0
2022-01-19 15:32:00-05:00,91.98249816894531,91.98500061035156,91.95500183105469,91.95999908447266,91.95999908447266,6166.0
2022-01-19 15:33:00-05:00,91.95999908447266,91.95999908447266,91.94999694824219,91.95999908447266,91.95999908447266,1649.0
2022-01-19 15:34:00-05:00,91.94999694824219,91.95999908447266,91.94999694824219,91.95500183105469,91.95500183105469,4473.0
2022-01-19 15:35:00-05:00,91.95999908447266,91.96749877929688,91.95500183105469,91.95999908447266,91.95999908447266,5242.0
2022-01-19 15:36:00-05:00,91.95500183105469,91.9749984741211,91.94999694824219,91.9749984741211,91.9749984741211,3633.0
2022-01-19 15:37:00-05:00,91.9749984741211,91.9800033569336,91.95999908447266,91.96499633789062,91.96499633789062,9188.0
2022-01-19 15:38:00-05:00,91.96499633789062,91.97000122070312,91.95999908447266,91.97000122070312,91.97000122070312,3234.0
2022-01-19 15:39:00-05:00,91.9749984741211,91.9749984741211,91.95999908447266,91.95999908447266,91.95999908447266,6078.0
2022-01-19 15:40:00-05:00,91.96499633789062,91.96499633789062,91.94999694824219,91.95500183105469,91.95500183105469,4891.0
2022-01-19 15:41:00-05:00,91.95500183105469,91.95999908447266,91.94000244140625,91.95999908447266,91.95999908447266,10961.0
2022-01-19 15:42:00-05:00,91.95500183105469,91.95500183105469,91.93000030517578,91.94000244140625,91.94000244140625,8207.0
2022-01-19 15:43:00-05:00,91.93499755859375,91.94000244140625,91.93000030517578,91.93499755859375,91.93499755859375,4587.0
2022-01-19 15:44:00-05:00,91.94000244140625,91.95500183105469,91.93000030517578,91.94000244140625,91.94000244140625,12924.0
2022-01-19 15:45:00-05:00,91.95999908447266,91.9800033569336,91.95999908447266,91.9749984741211,91.9749984741211,14986.0
2022-01-19 15:46:00-05:00,91.97000122070312,91.97000122070312,91.95500183105469,91.95999908447266,91.95999908447266,6362.0
2022-01-19 15:47:00-05:00,91.95999908447266,91.98999786376953,91.95999908447266,91.98999786376953,91.98999786376953,4500.0
2022-01-19 15:48:00-05:00,91.98500061035156,91.99500274658203,91.94000244140625,91.94000244140625,91.94000244140625,14365.0
2022-01-19 15:49:00-05:00,91.93000030517578,91.93000030517578,91.9000015258789,91.91500091552734,91.91500091552734,14220.0
2022-01-19 15:50:00-05:00,91.91000366210938,91.91500091552734,91.86000061035156,91.90499877929688,91.90499877929688,44234.0
2022-01-19 15:51:00-05:00,91.91000366210938,91.92500305175781,91.9000015258789,91.91999816894531,91.91999816894531,10998.0
2022-01-19 15:52:00-05:00,91.91500091552734,91.91500091552734,91.88999938964844,91.88999938964844,91.88999938964844,16378.0
2022-01-19 15:53:00-05:00,91.88999938964844,91.8949966430664,91.8499984741211,91.86000061035156,91.86000061035156,12976.0
2022-01-19 15:54:00-05:00,91.86499786376953,91.86499786376953,91.81999969482422,91.83000183105469,91.83000183105469,28697.0
2022-01-19 15:55:00-05:00,91.81999969482422,91.83999633789062,91.75,91.75499725341797,91.75499725341797,89200.0
2022-01-19 15:56:00-05:00,91.75499725341797,91.76000213623047,91.75,91.75499725341797,91.75499725341797,23845.0
2022-01-19 15:57:00-05:00,91.76000213623047,91.76000213623047,91.75,91.75900268554688,91.75900268554688,22899.0
2022-01-19 15:58:00-05:00,91.75499725341797,91.76000213623047,91.75,91.75499725341797,91.75499725341797,51578.0
2022-01-19 15:59:00-05:00,91.76000213623047,91.77999877929688,91.75,91.7699966430664,91.7699966430664,78528.0
2022-01-31 14:09:15-05:00,91.19499969482422,91.19499969482422,91.19499969482422,91.19499969482422,91.19499969482422,0.0
2022-01-20 09:30:00-05:00,92.3499984741211,92.48999786376953,92.33999633789062,92.4000015258789,92.4000015258789,278394.0
2022-01-20 09:31:00-05:00,92.41000366210938,92.48999786376953,92.4000015258789,92.4800033569336,92.4800033569336,35162.0
2022-01-20 09:32:00-05:00,92.4749984741211,92.5,92.44499969482422,92.45500183105469,92.45500183105469,82651.0
2022-01-20 09:33:00-05:00,92.45999908447266,92.5,92.45999908447266,92.48999786376953,92.48999786376953,169508.0
2022-01-20 09:34:00-05:00,92.5,92.5,92.44499969482422,92.44499969482422,92.44499969482422,123726.0
2022-01-20 09:35:00-05:00,92.41999816894531,92.44000244140625,92.375,92.44000244140625,92.44000244140625,28162.0
2022-01-20 09:36:00-05:00,92.44000244140625,92.48500061035156,92.44000244140625,92.4749984741211,92.4749984741211,43137.0
2022-01-20 09:37:00-05:00,92.4800033569336,92.5,92.4749984741211,92.4800033569336,92.4800033569336,41581.0
2022-01-20 09:38:00-05:00,92.48500061035156,92.49500274658203,92.43000030517578,92.43000030517578,92.43000030517578,28816.0
2022-01-20 09:39:00-05:00,92.43000030517578,92.4749984741211,92.43000030517578,92.47000122070312,92.47000122070312,35972.0
2022-01-20 09:40:00-05:00,92.46499633789062,92.48999786376953,92.46499633789062,92.48500061035156,92.48500061035156,16068.0
2022-01-20 09:41:00-05:00,92.4749984741211,92.4800033569336,92.44999694824219,92.45500183105469,92.45500183105469,58685.0
2022-01-20 09:42:00-05:00,92.43000030517578,92.45999908447266,92.43000030517578,92.45500183105469,92.45500183105469,18208.0
2022-01-20 09:43:00-05:00,92.45999908447266,92.4800033569336,92.45500183105469,92.45999908447266,92.45999908447266,9464.0
2022-01-20 09:44:00-05:00,92.45999908447266,92.48500061035156,92.45999908447266,92.45999908447266,92.45999908447266,38097.0
2022-01-20 09:45:00-05:00,92.46499633789062,92.46499633789062,92.41999816894531,92.44000244140625,92.44000244140625,19331.0
2022-01-20 09:46:00-05:00,92.44000244140625,92.44999694824219,92.41999816894531,92.41999816894531,92.41999816894531,10725.0
2022-01-20 09:47:00-05:00,92.36000061035156,92.36499786376953,92.3550033569336,92.36000061035156,92.36000061035156,108948.0
2022-01-20 09:48:00-05:00,92.36000061035156,92.37000274658203,92.3550033569336,92.36499786376953,92.36499786376953,16990.0
2022-01-20 09:49:00-05:00,92.3499984741211,92.3499984741211,92.3499984741211,92.3499984741211,92.3499984741211,33568.0
2022-01-20 09:50:00-05:00,92.33999633789062,92.33999633789062,92.33999633789062,92.33999633789062,92.33999633789062,29285.0
2022-01-20 09:51:00-05:00,92.33999633789062,92.3499984741211,92.33000183105469,92.3499984741211,92.3499984741211,8716.0
2022-01-20 09:52:00-05:00,92.34500122070312,92.36000061035156,92.30000305175781,92.30000305175781,92.30000305175781,16421.0
2022-01-20 09:53:00-05:00,92.29499816894531,92.29499816894531,92.25,92.25499725341797,92.25499725341797,33702.0
2022-01-20 09:54:00-05:00,92.26000213623047,92.34500122070312,92.26000213623047,92.33000183105469,92.33000183105469,25976.0
2022-01-20 09:55:00-05:00,92.33999633789062,92.3499984741211,92.27999877929688,92.2833023071289,92.2833023071289,11865.0
2022-01-20 09:56:00-05:00,92.26000213623047,92.31500244140625,92.25499725341797,92.30999755859375,92.30999755859375,43667.0
2022-01-20 09:57:00-05:00,92.33999633789062,92.3499984741211,92.33999633789062,92.3499984741211,92.3499984741211,12216.0
2022-01-20 09:58:00-05:00,92.33999633789062,92.3499984741211,92.33999633789062,92.3499984741211,92.3499984741211,8954.0
2022-01-20 09:59:00-05:00,92.3499984741211,92.36000061035156,92.30999755859375,92.31999969482422,92.31999969482422,14807.0
2022-01-20 10:00:00-05:00,92.30999755859375,92.37000274658203,92.29000091552734,92.33000183105469,92.33000183105469,23536.0
2022-01-20 10:02:00-05:00,92.33499908447266,92.36000061035156,92.32499694824219,92.32499694824219,92.32499694824219,18684.0
2022-01-20 10:03:00-05:00,92.31999969482422,92.31999969482422,92.29000091552734,92.30500030517578,92.30500030517578,11945.0
2022-01-20 12:55:00-05:00,92.1500015258789,92.1500015258789,92.13999938964844,92.13999938964844,92.13999938964844,3523512.0
2022-01-20 12:56:00-05:00,92.13999938964844,92.19999694824219,92.13999938964844,92.19000244140625,92.19000244140625,17918.0
2022-01-20 12:57:00-05:00,92.19000244140625,92.22000122070312,92.19000244140625,92.20999908447266,92.20999908447266,12699.0
2022-01-20 12:58:00-05:00,92.22000122070312,92.25499725341797,92.21499633789062,92.24980163574219,92.24980163574219,20253.0
2022-01-20 12:59:00-05:00,92.24500274658203,92.25,92.24019622802734,92.25,92.25,2854.0
2022-01-20 13:00:00-05:00,92.25,92.25499725341797,92.23999786376953,92.23999786376953,92.23999786376953,2646.0
2022-01-20 13:02:00-05:00,92.20999908447266,92.20999908447266,92.13999938964844,92.13999938964844,92.13999938964844,13346.0
2022-01-20 13:03:00-05:00,92.13999938964844,92.17500305175781,92.13999938964844,92.16999816894531,92.16999816894531,8556.0
2022-01-20 13:04:00-05:00,92.16000366210938,92.18000030517578,92.1500015258789,92.18000030517578,92.18000030517578,7677.0
2022-01-20 13:05:00-05:00,92.18000030517578,92.19000244140625,92.15499877929688,92.16999816894531,92.16999816894531,5190.0
2022-01-20 13:06:00-05:00,92.19000244140625,92.19999694824219,92.16999816894531,92.19999694824219,92.19999694824219,1730.0
2022-01-20 13:07:00-05:00,92.18000030517578,92.19999694824219,92.18000030517578,92.18000030517578,92.18000030517578,3160.0
2022-01-20 13:08:00-05:00,92.18000030517578,92.18000030517578,92.13999938964844,92.1500015258789,92.1500015258789,4250.0
2022-01-20 13:09:00-05:00,92.1449966430664,92.1449966430664,92.1449966430664,92.1449966430664,92.1449966430664,1445.0
2022-01-20 13:10:00-05:00,92.13999938964844,92.1449966430664,92.13999938964844,92.13999938964844,92.13999938964844,1529.0
2022-01-20 13:11:00-05:00,92.1500015258789,92.1500015258789,92.12999725341797,92.12999725341797,92.12999725341797,1849.0
2022-01-20 13:12:00-05:00,92.12999725341797,92.12999725341797,92.12000274658203,92.12999725341797,92.12999725341797,818.0
2022-01-20 13:13:00-05:00,92.12999725341797,92.15499877929688,92.12999725341797,92.15010070800781,92.15010070800781,2603.0
2022-01-20 13:14:00-05:00,92.1500015258789,92.16999816894531,92.13999938964844,92.16999816894531,92.16999816894531,3428.0
2022-01-20 13:15:00-05:00,92.16999816894531,92.16999816894531,92.15499877929688,92.16000366210938,92.16000366210938,2062.0
2022-01-20 13:16:00-05:00,92.1500015258789,92.18000030517578,92.1500015258789,92.18000030517578,92.18000030517578,629.0
2022-01-20 13:17:00-05:00,92.13999938964844,92.13999938964844,92.1050033569336,92.1050033569336,92.1050033569336,1697.0
2022-01-20 13:18:00-05:00,92.09500122070312,92.1050033569336,92.09500122070312,92.1050033569336,92.1050033569336,1343.0
2022-01-20 13:19:00-05:00,92.11000061035156,92.11000061035156,92.08999633789062,92.11000061035156,92.11000061035156,4595.0
2022-01-20 13:20:00-05:00,92.11000061035156,92.12999725341797,92.11000061035156,92.12129974365234,92.12129974365234,3279.0
2022-01-20 13:21:00-05:00,92.125,92.125,92.1050033569336,92.12100219726562,92.12100219726562,4663.0
2022-01-20 13:22:00-05:00,92.12000274658203,92.12999725341797,92.08999633789062,92.08999633789062,92.08999633789062,1520.0
2022-01-20 13:23:00-05:00,92.12999725341797,92.12999725341797,92.12000274658203,92.12000274658203,92.12000274658203,908.0
2022-01-20 13:24:00-05:00,92.11000061035156,92.12999725341797,92.11000061035156,92.12470245361328,92.12470245361328,4354.0
2022-01-20 13:25:00-05:00,92.125,92.1449966430664,92.12000274658203,92.1449966430664,92.1449966430664,13059.0
2022-01-20 13:26:00-05:00,92.13999938964844,92.16000366210938,92.12999725341797,92.15499877929688,92.15499877929688,9189.0
2022-01-20 13:27:00-05:00,92.1500015258789,92.1500015258789,92.1500015258789,92.1500015258789,92.1500015258789,125.0
2022-01-20 13:28:00-05:00,92.16000366210938,92.16000366210938,92.1449966430664,92.1500015258789,92.1500015258789,1258.0
2022-01-20 13:29:00-05:00,92.13999938964844,92.1500015258789,92.13500213623047,92.1500015258789,92.1500015258789,3438.0
2022-01-20 13:30:00-05:00,92.1500015258789,92.16999816894531,92.1500015258789,92.16999816894531,92.16999816894531,3549.0
2022-01-20 13:31:00-05:00,92.16999816894531,92.18000030517578,92.16999816894531,92.18000030517578,92.18000030517578,772.0
2022-01-20 13:32:00-05:00,92.17500305175781,92.18000030517578,92.16999816894531,92.18000030517578,92.18000030517578,1886.0
2022-01-20 13:33:00-05:00,92.19000244140625,92.19000244140625,92.16999816894531,92.16999816894531,92.16999816894531,1614.0
2022-01-20 13:34:00-05:00,92.18000030517578,92.18000030517578,92.16000366210938,92.16000366210938,92.16000366210938,1769.0
2022-01-20 13:35:00-05:00,92.16500091552734,92.18000030517578,92.16000366210938,92.18000030517578,92.18000030517578,6407.0
2022-01-20 13:36:00-05:00,92.16999816894531,92.18000030517578,92.16500091552734,92.16999816894531,92.16999816894531,7491.0
2022-01-20 13:37:00-05:00,92.16000366210938,92.19999694824219,92.16000366210938,92.18499755859375,92.18499755859375,6032.0
2022-01-20 13:38:00-05:00,92.17500305175781,92.19000244140625,92.16999816894531,92.16999816894531,92.16999816894531,2938.0
2022-01-20 13:39:00-05:00,92.16999816894531,92.16999816894531,92.12999725341797,92.13999938964844,92.13999938964844,21608.0
2022-01-20 13:41:00-05:00,92.13999938964844,92.1500015258789,92.13999938964844,92.13999938964844,92.13999938964844,1857.0
2022-01-20 13:42:00-05:00,92.13999938964844,92.1449966430664,92.13999938964844,92.13999938964844,92.13999938964844,1373.0
2022-01-20 13:43:00-05:00,92.13999938964844,92.1500015258789,92.12999725341797,92.1500015258789,92.1500015258789,14204.0
2022-01-20 13:44:00-05:00,92.12999725341797,92.13999938964844,92.12999725341797,92.13999938964844,92.13999938964844,3570.0
2022-01-20 13:45:00-05:00,92.13500213623047,92.13500213623047,92.12999725341797,92.13009643554688,92.13009643554688,7080.0
2022-01-20 13:46:00-05:00,92.12999725341797,92.13999938964844,92.12000274658203,92.12999725341797,92.12999725341797,6069.0
2022-01-20 13:47:00-05:00,92.13999938964844,92.1500015258789,92.12999725341797,92.13500213623047,92.13500213623047,4211.0
2022-01-20 13:48:00-05:00,92.13500213623047,92.13999938964844,92.125,92.13500213623047,92.13500213623047,10907.0
2022-01-20 13:49:00-05:00,92.12999725341797,92.13999938964844,92.12000274658203,92.13999938964844,92.13999938964844,3406.0
2022-01-20 13:50:00-05:00,92.13500213623047,92.13999938964844,92.12000274658203,92.12999725341797,92.12999725341797,3656.0
2022-01-20 13:51:00-05:00,92.12000274658203,92.12000274658203,92.09500122070312,92.09500122070312,92.09500122070312,2072.0
2022-01-20 13:52:00-05:00,92.0999984741211,92.0999984741211,92.08499908447266,92.0999984741211,92.0999984741211,955.0
2022-01-20 13:53:00-05:00,92.09500122070312,92.09500122070312,92.08000183105469,92.08000183105469,92.08000183105469,815.0
2022-01-20 13:54:00-05:00,92.08000183105469,92.08200073242188,92.08000183105469,92.08000183105469,92.08000183105469,674.0
2022-01-20 13:55:00-05:00,92.08499908447266,92.08999633789062,92.08000183105469,92.08999633789062,92.08999633789062,5950.0
2022-01-20 13:56:00-05:00,92.08000183105469,92.08499908447266,92.07499694824219,92.08499908447266,92.08499908447266,4170.0
2022-01-20 13:57:00-05:00,92.05999755859375,92.05999755859375,92.05999755859375,92.05999755859375,92.05999755859375,346.0
2022-01-20 13:59:00-05:00,92.05000305175781,92.05000305175781,92.04000091552734,92.0425033569336,92.0425033569336,9964.0
2022-01-20 14:00:00-05:00,92.05000305175781,92.08999633789062,92.04499816894531,92.08999633789062,92.08999633789062,4547.0
2022-01-20 14:01:00-05:00,92.05999755859375,92.05999755859375,92.05750274658203,92.05750274658203,92.05750274658203,4132.0
2022-01-20 14:02:00-05:00,92.05999755859375,92.08999633789062,92.05999755859375,92.08999633789062,92.08999633789062,5466.0
2022-01-20 14:03:00-05:00,92.09500122070312,92.11000061035156,92.08999633789062,92.1050033569336,92.1050033569336,2073.0
2022-01-20 14:04:00-05:00,92.0999984741211,92.12999725341797,92.08100128173828,92.12999725341797,92.12999725341797,9193.0
2022-01-20 14:05:00-05:00,92.125,92.12999725341797,92.125,92.125,92.125,3076.0
2022-01-20 14:06:00-05:00,92.125,92.13999938964844,92.125,92.13999938964844,92.13999938964844,4195.0
2022-01-20 14:07:00-05:00,92.12999725341797,92.13999938964844,92.12999725341797,92.13999938964844,92.13999938964844,7903.0
2022-01-20 14:08:00-05:00,92.12999725341797,92.13999938964844,92.125,92.13999938964844,92.13999938964844,2535.0
2022-01-20 14:09:00-05:00,92.13999938964844,92.1500015258789,92.125,92.12999725341797,92.12999725341797,4641.0
2022-01-20 14:10:00-05:00,92.13500213623047,92.1449966430664,92.13500213623047,92.13999938964844,92.13999938964844,1469.0
2022-01-20 14:11:00-05:00,92.13999938964844,92.1500015258789,92.12999725341797,92.13999938964844,92.13999938964844,3727.0
2022-01-20 14:12:00-05:00,92.12999725341797,92.13999938964844,92.12000274658203,92.13999938964844,92.13999938964844,11776.0
2022-01-20 14:13:00-05:00,92.13999938964844,92.13999938964844,92.11499786376953,92.12010192871094,92.12010192871094,18796.0
2022-01-20 14:14:00-05:00,92.12000274658203,92.12999725341797,92.12000274658203,92.12999725341797,92.12999725341797,4874.0
2022-01-20 14:15:00-05:00,92.12999725341797,92.13500213623047,92.12000274658203,92.125,92.125,3853.0
2022-01-20 14:16:00-05:00,92.125,92.1449966430664,92.12000274658203,92.13999938964844,92.13999938964844,16488.0
2022-01-20 14:17:00-05:00,92.1449966430664,92.1500015258789,92.1449966430664,92.1500015258789,92.1500015258789,2650.0
2022-01-20 14:18:00-05:00,92.1500015258789,92.16999816894531,92.1500015258789,92.16999816894531,92.16999816894531,3412.0
2022-01-20 14:19:00-05:00,92.16999816894531,92.16999816894531,92.1500015258789,92.1500015258789,92.1500015258789,3485.0
2022-01-20 14:20:00-05:00,92.1500015258789,92.1500015258789,92.13999938964844,92.1500015258789,92.1500015258789,2585.0
2022-01-20 14:21:00-05:00,92.13999938964844,92.1500015258789,92.13999938964844,92.1449966430664,92.1449966430664,1235.0
2022-01-20 14:22:00-05:00,92.1500015258789,92.1500015258789,92.13999938964844,92.1449966430664,92.1449966430664,2396.0
2022-01-20 14:23:00-05:00,92.13999938964844,92.13999938964844,92.125,92.13999938964844,92.13999938964844,8771.0
2022-01-20 14:24:00-05:00,92.13999938964844,92.1449966430664,92.12999725341797,92.13999938964844,92.13999938964844,6891.0
2022-01-20 14:25:00-05:00,92.13999938964844,92.1500015258789,92.12999725341797,92.1449966430664,92.1449966430664,2820.0
2022-01-20 14:26:00-05:00,92.13999938964844,92.13999938964844,92.125,92.13500213623047,92.13500213623047,2905.0
2022-01-20 14:27:00-05:00,92.12999725341797,92.13999938964844,92.12000274658203,92.125,92.125,5502.0
2022-01-20 14:28:00-05:00,92.12999725341797,92.13500213623047,92.12000274658203,92.12999725341797,92.12999725341797,5945.0
2022-01-20 14:29:00-05:00,92.12999725341797,92.1500015258789,92.12999725341797,92.1500015258789,92.1500015258789,3637.0
2022-01-20 14:30:00-05:00,92.1500015258789,92.16000366210938,92.13500213623047,92.16000366210938,92.16000366210938,9794.0
2022-01-20 14:31:00-05:00,92.16000366210938,92.18000030517578,92.1500015258789,92.18000030517578,92.18000030517578,6404.0
2022-01-20 14:32:00-05:00,92.16999816894531,92.16999816894531,92.16000366210938,92.16999816894531,92.16999816894531,2504.0
2022-01-20 14:33:00-05:00,92.18000030517578,92.18499755859375,92.16000366210938,92.16999816894531,92.16999816894531,6905.0
2022-01-20 14:34:00-05:00,92.16500091552734,92.16999816894531,92.15499877929688,92.16000366210938,92.16000366210938,4335.0
2022-01-20 14:35:00-05:00,92.16999816894531,92.18000030517578,92.16500091552734,92.17500305175781,92.17500305175781,2464.0
2022-01-20 14:36:00-05:00,92.16999816894531,92.16999816894531,92.15499877929688,92.16000366210938,92.16000366210938,6389.0
2022-01-20 14:37:00-05:00,92.16000366210938,92.16999816894531,92.12999725341797,92.13500213623047,92.13500213623047,22936.0
2022-01-20 14:38:00-05:00,92.13500213623047,92.16000366210938,92.12999725341797,92.15499877929688,92.15499877929688,7043.0
2022-01-20 14:39:00-05:00,92.1500015258789,92.1500015258789,92.13999938964844,92.13999938964844,92.13999938964844,882.0
2022-01-20 14:40:00-05:00,92.13999938964844,92.13999938964844,92.12999725341797,92.13500213623047,92.13500213623047,7475.0
2022-01-20 14:41:00-05:00,92.13999938964844,92.13999938964844,92.12999725341797,92.13500213623047,92.13500213623047,4202.0
2022-01-20 14:42:00-05:00,92.13999938964844,92.16999816894531,92.13999938964844,92.16999816894531,92.16999816894531,7585.0
2022-01-20 14:43:00-05:00,92.16500091552734,92.17500305175781,92.15499877929688,92.16000366210938,92.16000366210938,4583.0
2022-01-20 14:44:00-05:00,92.16000366210938,92.16000366210938,92.1449966430664,92.1500015258789,92.1500015258789,2482.0
2022-01-20 14:45:00-05:00,92.1500015258789,92.19000244140625,92.1500015258789,92.19000244140625,92.19000244140625,4496.0
2022-01-20 14:46:00-05:00,92.18499755859375,92.19000244140625,92.18499755859375,92.18499755859375,92.18499755859375,1079.0
2022-01-20 14:47:00-05:00,92.18499755859375,92.18499755859375,92.13500213623047,92.13749694824219,92.13749694824219,14020.0
2022-01-20 14:48:00-05:00,92.13999938964844,92.1500015258789,92.13500213623047,92.1500015258789,92.1500015258789,4540.0
2022-01-20 14:49:00-05:00,92.1500015258789,92.18000030517578,92.1500015258789,92.18000030517578,92.18000030517578,7885.0
2022-01-20 14:50:00-05:00,92.18000030517578,92.18499755859375,92.16999816894531,92.18000030517578,92.18000030517578,5489.0
2022-01-20 14:51:00-05:00,92.18000030517578,92.18000030517578,92.1500015258789,92.16000366210938,92.16000366210938,4711.0
2022-01-20 14:52:00-05:00,92.16999816894531,92.18000030517578,92.16500091552734,92.16999816894531,92.16999816894531,5093.0
2022-01-20 14:53:00-05:00,92.16000366210938,92.16999816894531,92.1500015258789,92.16000366210938,92.16000366210938,4040.0
2022-01-20 14:54:00-05:00,92.16500091552734,92.16500091552734,92.12999725341797,92.1500015258789,92.1500015258789,5432.0
2022-01-20 14:55:00-05:00,92.15499877929688,92.16000366210938,92.13999938964844,92.13999938964844,92.13999938964844,5191.0
2022-01-20 14:56:00-05:00,92.13999938964844,92.1500015258789,92.12999725341797,92.12999725341797,92.12999725341797,10348.0
2022-01-20 14:57:00-05:00,92.13999938964844,92.13999938964844,92.13500213623047,92.13999938964844,92.13999938964844,1600.0
2022-01-20 14:58:00-05:00,92.125,92.125,92.12000274658203,92.125,92.125,12550.0
2022-01-20 14:59:00-05:00,92.125,92.16000366210938,92.125,92.1449966430664,92.1449966430664,4407.0
2022-01-20 15:00:00-05:00,92.1500015258789,92.17500305175781,92.1500015258789,92.16999816894531,92.16999816894531,3495.0
2022-01-20 15:02:00-05:00,92.15499877929688,92.15499877929688,92.12999725341797,92.1449966430664,92.1449966430664,5076.0
2022-01-20 15:03:00-05:00,92.13999938964844,92.1500015258789,92.13999938964844,92.13999938964844,92.13999938964844,12173.0
2022-01-20 15:04:00-05:00,92.1449966430664,92.1449966430664,92.12999725341797,92.13999938964844,92.13999938964844,6593.0
2022-01-20 15:05:00-05:00,92.1449966430664,92.1449966430664,92.13500213623047,92.13749694824219,92.13749694824219,18614.0
2022-01-20 15:06:00-05:00,92.13999938964844,92.13999938964844,92.12999725341797,92.13500213623047,92.13500213623047,10408.0
2022-01-20 15:07:00-05:00,92.13500213623047,92.1449966430664,92.13500213623047,92.13999938964844,92.13999938964844,19399.0
2022-01-20 15:08:00-05:00,92.13999938964844,92.13999938964844,92.12000274658203,92.125,92.125,27624.0
2022-01-20 15:09:00-05:00,92.12000274658203,92.12999725341797,92.08000183105469,92.08999633789062,92.08999633789062,26775.0
2022-01-20 15:10:00-05:00,92.08499908447266,92.09500122070312,92.08000183105469,92.08999633789062,92.08999633789062,6370.0
2022-01-20 15:11:00-05:00,92.08999633789062,92.0999984741211,92.07499694824219,92.08999633789062,92.08999633789062,7012.0
2022-01-20 15:12:00-05:00,92.07499694824219,92.08999633789062,92.06999969482422,92.08499908447266,92.08499908447266,4587.0
2022-01-20 15:13:00-05:00,92.08000183105469,92.08000183105469,92.04499816894531,92.05000305175781,92.05000305175781,14290.0
2022-01-20 15:14:00-05:00,92.04000091552734,92.05000305175781,92.03900146484375,92.05000305175781,92.05000305175781,14694.0
2022-01-20 15:15:00-05:00,92.04499816894531,92.06999969482422,92.04499816894531,92.05000305175781,92.05000305175781,27146.0
2022-01-20 15:16:00-05:00,92.05000305175781,92.05000305175781,92.04000091552734,92.05000305175781,92.05000305175781,10720.0
2022-01-20 15:17:00-05:00,92.05000305175781,92.05500030517578,92.04000091552734,92.05000305175781,92.05000305175781,14351.0
2022-01-20 15:18:00-05:00,92.04499816894531,92.04499816894531,91.99500274658203,92.01000213623047,92.01000213623047,47554.0
2022-01-20 15:19:00-05:00,92.00499725341797,92.01000213623047,91.98999786376953,91.98999786376953,91.98999786376953,20048.0
2022-01-20 15:20:00-05:00,91.98999786376953,92.01000213623047,91.95999908447266,92.00499725341797,92.00499725341797,75179.0
2022-01-20 15:21:00-05:00,92.01000213623047,92.01000213623047,91.94499969482422,91.94999694824219,91.94999694824219,46087.0
2022-01-20 15:22:00-05:00,91.94499969482422,91.94999694824219,91.8949966430664,91.9000015258789,91.9000015258789,28523.0
2022-01-20 15:23:00-05:00,91.8949966430664,91.9000015258789,91.83999633789062,91.83999633789062,91.83999633789062,16354.0
2022-01-20 15:24:00-05:00,91.8499984741211,91.9010009765625,91.8499984741211,91.9010009765625,91.9010009765625,49887.0
2022-01-20 15:25:00-05:00,91.90499877929688,91.90499877929688,91.87999725341797,91.9000015258789,91.9000015258789,17882.0
2022-01-20 15:26:00-05:00,91.8949966430664,91.9000015258789,91.86000061035156,91.87000274658203,91.87000274658203,42229.0
2022-01-20 15:27:00-05:00,91.87999725341797,91.88999938964844,91.83999633789062,91.84500122070312,91.84500122070312,19552.0
2022-01-20 15:28:00-05:00,91.84500122070312,91.87999725341797,91.80000305175781,91.8499984741211,91.8499984741211,73035.0
2022-01-20 15:29:00-05:00,91.8499984741211,91.8550033569336,91.83999633789062,91.8499984741211,91.8499984741211,46838.0
2022-01-20 15:30:00-05:00,91.84500122070312,91.84500122070312,91.79019927978516,91.80000305175781,91.80000305175781,19105.0
2022-01-20 15:31:00-05:00,91.80000305175781,91.8499984741211,91.79000091552734,91.82499694824219,91.82499694824219,59484.0
2022-01-20 15:32:00-05:00,91.81999969482422,91.88500213623047,91.8010025024414,91.8499984741211,91.8499984741211,43419.0
2022-01-20 15:33:00-05:00,91.86000061035156,91.90499877929688,91.8499984741211,91.86000061035156,91.86000061035156,16301.0
2022-01-20 15:34:00-05:00,91.86499786376953,91.86499786376953,91.81500244140625,91.81500244140625,91.81500244140625,13159.0
2022-01-20 15:35:00-05:00,91.81099700927734,91.81999969482422,91.80999755859375,91.81500244140625,91.81500244140625,17002.0
2022-01-20 15:36:00-05:00,91.80999755859375,91.81999969482422,91.77999877929688,91.77999877929688,91.77999877929688,30258.0
2022-01-20 15:37:00-05:00,91.80000305175781,91.80000305175781,91.7699966430664,91.78500366210938,91.78500366210938,12316.0
2022-01-20 15:38:00-05:00,91.78500366210938,91.80000305175781,91.7699966430664,91.7699966430664,91.7699966430664,7247.0
2022-01-20 15:39:00-05:00,91.76499938964844,91.7699966430664,91.7302017211914,91.73500061035156,91.73500061035156,49441.0
2022-01-20 15:40:00-05:00,91.73249816894531,91.73249816894531,91.68499755859375,91.69000244140625,91.69000244140625,37472.0
2022-01-20 15:41:00-05:00,91.68000030517578,91.68000030517578,91.5999984741211,91.6500015258789,91.6500015258789,47874.0
2022-01-20 15:42:00-05:00,91.6500015258789,91.66500091552734,91.62999725341797,91.63999938964844,91.63999938964844,72863.0
2022-01-20 15:43:00-05:00,91.63999938964844,91.69999694824219,91.63999938964844,91.69999694824219,91.69999694824219,11962.0
2022-01-20 15:44:00-05:00,91.69000244140625,91.69999694824219,91.63500213623047,91.6500015258789,91.6500015258789,54939.0
2022-01-20 15:45:00-05:00,91.62999725341797,91.6500015258789,91.5999984741211,91.62999725341797,91.62999725341797,98502.0
2022-01-20 15:46:00-05:00,91.62999725341797,91.62999725341797,91.55999755859375,91.58000183105469,91.58000183105469,65177.0
2022-01-20 15:47:00-05:00,91.58000183105469,91.58999633789062,91.5602035522461,91.56500244140625,91.56500244140625,31369.0
2022-01-20 15:48:00-05:00,91.55999755859375,91.56999969482422,91.5,91.51000213623047,91.51000213623047,42189.0
2022-01-20 15:49:00-05:00,91.51499938964844,91.5250015258789,91.4000015258789,91.4000015258789,91.4000015258789,125694.0
2022-01-20 15:50:00-05:00,91.37000274658203,91.4000015258789,91.23999786376953,91.37000274658203,91.37000274658203,113299.0
2022-01-20 15:51:00-05:00,91.37000274658203,91.55999755859375,91.3499984741211,91.55000305175781,91.55000305175781,185609.0
2022-01-20 15:52:00-05:00,91.55000305175781,91.61000061035156,91.51000213623047,91.5999984741211,91.5999984741211,55976.0
2022-01-20 15:53:00-05:00,91.5999984741211,91.6500015258789,91.5999984741211,91.6500015258789,91.6500015258789,52506.0
2022-01-20 15:54:00-05:00,91.6500015258789,91.70999908447266,91.61000061035156,91.61499786376953,91.61499786376953,49509.0
2022-01-20 15:55:00-05:00,91.61000061035156,91.61499786376953,91.48999786376953,91.49500274658203,91.49500274658203,110808.0
2022-01-20 15:56:00-05:00,91.49500274658203,91.5,91.44999694824219,91.45999908447266,91.45999908447266,68529.0
2022-01-20 15:57:00-05:00,91.45999908447266,91.5,91.44999694824219,91.49500274658203,91.49500274658203,137194.0
2022-01-20 15:58:00-05:00,91.49500274658203,91.51000213623047,91.4800033569336,91.48500061035156,91.48500061035156,106567.0
2022-01-20 15:59:00-05:00,91.4800033569336,91.55000305175781,91.4800033569336,91.54000091552734,91.54000091552734,125116.0
2022-01-31 14:09:15-05:00,91.19499969482422,91.19499969482422,91.19499969482422,91.19499969482422,91.19499969482422,0.0
2022-01-21 09:30:00-05:00,91.8499984741211,91.87000274658203,91.76000213623047,91.8499984741211,91.8499984741211,77620.0
2022-01-21 09:31:00-05:00,91.8499984741211,91.8499984741211,91.62999725341797,91.7699966430664,91.7699966430664,11886.0
2022-01-21 09:32:00-05:00,91.7699966430664,91.81999969482422,91.73999786376953,91.75,91.75,5253.0
2022-01-21 09:33:00-05:00,91.76000213623047,91.8499984741211,91.76000213623047,91.8499984741211,91.8499984741211,9288.0
2022-01-21 09:34:00-05:00,91.83999633789062,91.87000274658203,91.81999969482422,91.87000274658203,91.87000274658203,16832.0
2022-01-21 09:35:00-05:00,91.8499984741211,91.8499984741211,91.7699966430664,91.80000305175781,91.80000305175781,8846.0
2022-01-21 09:36:00-05:00,91.79000091552734,91.87999725341797,91.77999877929688,91.86499786376953,91.86499786376953,13381.0
2022-01-21 09:37:00-05:00,91.93000030517578,91.94999694824219,91.93000030517578,91.93000030517578,91.93000030517578,10881.0
2022-01-21 09:38:00-05:00,91.91999816894531,91.94999694824219,91.91999816894531,91.94000244140625,91.94000244140625,9759.0
2022-01-21 09:39:00-05:00,91.91500091552734,91.97000122070312,91.91000366210938,91.97000122070312,91.97000122070312,5302.0
2022-01-21 09:40:00-05:00,91.94999694824219,91.94999694824219,91.91999816894531,91.91999816894531,91.91999816894531,10874.0
2022-01-21 09:41:00-05:00,91.93000030517578,91.94999694824219,91.93000030517578,91.94000244140625,91.94000244140625,9380.0
2022-01-21 09:42:00-05:00,91.93000030517578,91.93000030517578,91.93000030517578,91.93000030517578,91.93000030517578,30758.0
2022-01-21 09:43:00-05:00,91.91999816894531,91.97000122070312,91.91999816894531,91.95999908447266,91.95999908447266,17807.0
2022-01-21 09:44:00-05:00,91.95999908447266,91.95999908447266,91.94999694824219,91.94999694824219,91.94999694824219,6640.0
2022-01-21 09:45:00-05:00,91.96499633789062,91.97000122070312,91.95999908447266,91.97000122070312,91.97000122070312,38302.0
2022-01-21 09:46:00-05:00,91.99500274658203,92.0,91.99500274658203,91.99500274658203,91.99500274658203,15809.0
2022-01-21 09:47:00-05:00,91.98999786376953,91.98999786376953,91.97000122070312,91.97000122070312,91.97000122070312,17416.0
2022-01-21 09:48:00-05:00,91.95999908447266,91.97000122070312,91.91999816894531,91.94000244140625,91.94000244140625,10172.0
2022-01-21 09:49:00-05:00,91.93000030517578,91.97000122070312,91.93000030517578,91.94000244140625,91.94000244140625,15564.0
2022-01-21 09:50:00-05:00,91.93000030517578,91.95999908447266,91.91999816894531,91.91999816894531,91.91999816894531,21877.0
2022-01-21 09:51:00-05:00,91.86000061035156,91.87000274658203,91.86000061035156,91.87000274658203,91.87000274658203,37080.0
2022-01-21 09:52:00-05:00,91.87000274658203,91.88999938964844,91.87000274658203,91.87000274658203,91.87000274658203,9263.0
2022-01-21 09:53:00-05:00,91.83999633789062,91.87999725341797,91.83000183105469,91.87000274658203,91.87000274658203,16047.0
2022-01-21 09:54:00-05:00,91.83999633789062,91.87000274658203,91.81999969482422,91.81999969482422,91.81999969482422,11912.0
2022-01-21 09:55:00-05:00,91.83000183105469,91.83999633789062,91.75499725341797,91.79000091552734,91.79000091552734,32185.0
2022-01-21 09:56:00-05:00,91.7699966430664,91.7750015258789,91.73500061035156,91.75,91.75,19931.0
2022-01-21 09:57:00-05:00,91.7300033569336,91.76000213623047,91.7249984741211,91.75,91.75,13956.0
2022-01-21 09:58:00-05:00,91.73999786376953,91.76000213623047,91.72000122070312,91.76000213623047,91.76000213623047,24110.0
2022-01-21 09:59:00-05:00,91.7699966430664,91.81999969482422,91.76000213623047,91.81999969482422,91.81999969482422,12966.0
2022-01-21 10:00:00-05:00,91.80999755859375,91.81999969482422,91.76000213623047,91.81999969482422,91.81999969482422,33836.0
2022-01-21 10:02:00-05:00,91.83000183105469,91.83999633789062,91.80000305175781,91.80999755859375,91.80999755859375,8584.0
2022-01-21 10:03:00-05:00,91.81500244140625,91.83999633789062,91.80359649658203,91.83000183105469,91.83000183105469,7646.0
2022-01-21 10:04:00-05:00,91.81999969482422,91.81999969482422,91.75,91.75,91.75,5957.0
2022-01-21 10:05:00-05:00,91.75,91.80000305175781,91.75,91.76000213623047,91.76000213623047,12334.0
2022-01-21 10:06:00-05:00,91.76000213623047,91.76499938964844,91.70999908447266,91.72000122070312,91.72000122070312,38356.0
2022-01-21 10:07:00-05:00,91.72000122070312,91.7300033569336,91.69000244140625,91.7300033569336,91.7300033569336,10956.0
2022-01-21 10:08:00-05:00,91.7300033569336,91.7699966430664,91.7300033569336,91.76000213623047,91.76000213623047,13767.0
2022-01-21 10:09:00-05:00,91.75,91.82499694824219,91.75,91.81999969482422,91.81999969482422,12493.0
2022-01-21 10:10:00-05:00,91.81999969482422,91.83000183105469,91.77999877929688,91.80000305175781,91.80000305175781,9061.0
2022-01-21 10:11:00-05:00,91.80000305175781,91.87999725341797,91.80000305175781,91.87999725341797,91.87999725341797,10443.0
2022-01-21 10:12:00-05:00,91.87000274658203,91.88999938964844,91.86000061035156,91.88999938964844,91.88999938964844,8628.0
2022-01-21 10:13:00-05:00,91.88500213623047,91.93000030517578,91.87999725341797,91.9000015258789,91.9000015258789,44053.0
2022-01-21 10:14:00-05:00,91.90499877929688,91.94499969482422,91.9000015258789,91.91999816894531,91.91999816894531,10087.0
2022-01-21 10:15:00-05:00,91.92500305175781,91.92500305175781,91.87999725341797,91.88999938964844,91.88999938964844,7894.0
2022-01-21 10:16:00-05:00,91.88999938964844,91.88999938964844,91.83000183105469,91.8499984741211,91.8499984741211,6079.0
2022-01-21 10:17:00-05:00,91.8499984741211,91.87000274658203,91.83999633789062,91.87000274658203,91.87000274658203,2722.0
2022-01-21 10:18:00-05:00,91.87000274658203,91.87000274658203,91.80500030517578,91.83000183105469,91.83000183105469,7544.0
2022-01-21 10:19:00-05:00,91.81999969482422,91.8499984741211,91.80999755859375,91.83000183105469,91.83000183105469,6852.0
2022-01-21 10:20:00-05:00,91.83000183105469,91.87000274658203,91.83000183105469,91.87000274658203,91.87000274658203,7246.0
2022-01-21 10:21:00-05:00,91.86000061035156,91.87000274658203,91.83000183105469,91.86000061035156,91.86000061035156,8128.0
2022-01-21 10:22:00-05:00,91.86000061035156,91.86000061035156,91.83000183105469,91.8499984741211,91.8499984741211,12424.0
2022-01-21 10:23:00-05:00,91.83999633789062,91.8499984741211,91.83000183105469,91.83999633789062,91.83999633789062,5765.0
2022-01-21 10:24:00-05:00,91.83999633789062,91.9000015258789,91.81999969482422,91.9000015258789,91.9000015258789,13382.0
2022-01-21 10:25:00-05:00,91.9000015258789,91.9000015258789,91.88999938964844,91.9000015258789,91.9000015258789,5612.0
2022-01-21 10:26:00-05:00,91.9000015258789,91.93009948730469,91.88999938964844,91.93000030517578,91.93000030517578,8934.0
2022-01-21 10:27:00-05:00,91.93000030517578,91.97000122070312,91.92500305175781,91.95999908447266,91.95999908447266,10035.0
2022-01-21 10:28:00-05:00,91.95999908447266,91.9800033569336,91.95999908447266,91.97000122070312,91.97000122070312,6948.0
2022-01-21 10:29:00-05:00,91.97000122070312,91.97000122070312,91.93000030517578,91.93000030517578,91.93000030517578,5617.0
2022-01-21 10:30:00-05:00,91.91999816894531,91.97000122070312,91.88999938964844,91.95999908447266,91.95999908447266,14577.0
2022-01-21 10:31:00-05:00,91.95999908447266,91.9800033569336,91.95050048828125,91.9800033569336,91.9800033569336,6784.0
2022-01-21 10:32:00-05:00,91.9800033569336,91.98500061035156,91.95500183105469,91.9800033569336,91.9800033569336,10367.0
2022-01-21 10:33:00-05:00,91.9800033569336,92.01000213623047,91.9800033569336,91.9800033569336,91.9800033569336,46871.0
2022-01-21 10:34:00-05:00,91.9800033569336,91.9800033569336,91.97000122070312,91.97000122070312,91.97000122070312,7822.0
2022-01-21 10:35:00-05:00,91.9800033569336,91.99500274658203,91.9749984741211,91.98999786376953,91.98999786376953,6821.0
2022-01-21 10:36:00-05:00,91.98999786376953,91.98999786376953,91.95999908447266,91.9800033569336,91.9800033569336,7147.0
2022-01-21 10:37:00-05:00,91.97000122070312,91.9749984741211,91.94499969482422,91.94999694824219,91.94999694824219,7107.0
2022-01-21 10:38:00-05:00,91.95500183105469,91.95500183105469,91.91999816894531,91.94000244140625,91.94000244140625,7729.0
2022-01-21 10:39:00-05:00,91.94499969482422,91.97000122070312,91.91500091552734,91.91500091552734,91.91500091552734,9953.0
2022-01-21 10:40:00-05:00,91.91500091552734,91.93499755859375,91.91000366210938,91.92500305175781,91.92500305175781,5074.0
2022-01-21 10:41:00-05:00,91.91999816894531,91.92500305175781,91.81999969482422,91.81999969482422,91.81999969482422,6779.0
2022-01-21 10:42:00-05:00,91.82499694824219,91.84500122070312,91.80999755859375,91.83000183105469,91.83000183105469,10286.0
2022-01-21 10:43:00-05:00,91.81999969482422,91.83000183105469,91.7750015258789,91.79000091552734,91.79000091552734,12305.0
2022-01-21 10:44:00-05:00,91.79000091552734,91.81999969482422,91.79000091552734,91.80500030517578,91.80500030517578,5865.0
2022-01-21 10:45:00-05:00,91.80500030517578,91.83000183105469,91.77999877929688,91.83000183105469,91.83000183105469,8267.0
2022-01-21 10:46:00-05:00,91.83000183105469,91.87999725341797,91.83000183105469,91.87999725341797,91.87999725341797,6598.0
2022-01-21 10:47:00-05:00,91.88999938964844,91.9000015258789,91.87000274658203,91.87000274658203,91.87000274658203,8025.0
2022-01-21 10:48:00-05:00,91.87999725341797,91.9000015258789,91.86000061035156,91.9000015258789,91.9000015258789,5328.0
2022-01-21 10:49:00-05:00,91.9000015258789,91.92500305175781,91.88999938964844,91.91000366210938,91.91000366210938,4257.0
2022-01-21 10:50:00-05:00,91.91999816894531,91.95999908447266,91.91999816894531,91.95999908447266,91.95999908447266,10528.0
2022-01-21 10:51:00-05:00,91.95999908447266,91.99500274658203,91.94000244140625,91.99500274658203,91.99500274658203,22704.0
2022-01-21 10:52:00-05:00,91.98999786376953,92.04000091552734,91.9800033569336,92.0,92.0,17274.0
2022-01-21 10:53:00-05:00,91.98999786376953,91.98999786376953,91.94999694824219,91.94999694824219,91.94999694824219,3156.0
2022-01-21 10:54:00-05:00,91.95999908447266,91.9800033569336,91.94499969482422,91.95500183105469,91.95500183105469,5712.0
2022-01-21 10:55:00-05:00,91.94999694824219,91.97000122070312,91.93000030517578,91.97000122070312,91.97000122070312,4944.0
2022-01-21 10:56:00-05:00,91.97000122070312,92.01000213623047,91.97000122070312,91.98999786376953,91.98999786376953,9184.0
2022-01-21 10:57:00-05:00,91.9800033569336,91.9800033569336,91.95999908447266,91.97000122070312,91.97000122070312,3137.0
2022-01-21 10:58:00-05:00,91.97000122070312,91.97000122070312,91.93000030517578,91.94499969482422,91.94499969482422,6079.0
2022-01-21 10:59:00-05:00,91.94999694824219,91.97000122070312,91.94000244140625,91.96499633789062,91.96499633789062,7923.0
2022-01-21 11:00:00-05:00,91.97000122070312,91.9749984741211,91.93000030517578,91.95500183105469,91.95500183105469,4753.0
2022-01-21 11:02:00-05:00,91.91999816894531,91.91999816894531,91.86000061035156,91.87000274658203,91.87000274658203,28100.0
2022-01-21 11:03:00-05:00,91.87000274658203,91.89409637451172,91.86000061035156,91.86000061035156,91.86000061035156,7164.0
2022-01-21 11:04:00-05:00,91.86000061035156,91.86000061035156,91.83000183105469,91.83499908447266,91.83499908447266,5915.0
2022-01-21 11:05:00-05:00,91.83000183105469,91.91000366210938,91.83000183105469,91.8949966430664,91.8949966430664,9549.0
2022-01-21 11:06:00-05:00,91.8949966430664,91.93499755859375,91.8949966430664,91.93499755859375,91.93499755859375,6807.0
2022-01-21 11:07:00-05:00,91.94000244140625,91.97000122070312,91.94000244140625,91.95999908447266,91.95999908447266,5872.0
2022-01-21 11:08:00-05:00,91.94999694824219,91.94999694824219,91.91000366210938,91.91999816894531,91.91999816894531,4932.0
2022-01-21 11:09:00-05:00,91.93000030517578,91.93000030517578,91.91999816894531,91.93000030517578,91.93000030517578,2347.0
2022-01-21 11:10:00-05:00,91.94000244140625,91.95999908447266,91.94000244140625,91.94000244140625,91.94000244140625,3357.0
2022-01-21 11:11:00-05:00,91.92500305175781,91.94499969482422,91.91000366210938,91.94000244140625,91.94000244140625,4116.0
2022-01-21 11:12:00-05:00,91.94499969482422,91.94999694824219,91.91000366210938,91.92500305175781,91.92500305175781,6179.0
2022-01-21 11:13:00-05:00,91.92500305175781,91.94999694824219,91.91999816894531,91.94000244140625,91.94000244140625,8156.0
2022-01-21 11:14:00-05:00,91.94000244140625,91.95999908447266,91.94000244140625,91.94499969482422,91.94499969482422,3869.0
2022-01-21 11:15:00-05:00,91.94999694824219,91.95999908447266,91.94999694824219,91.95999908447266,91.95999908447266,1696.0
2022-01-21 11:16:00-05:00,91.94999694824219,91.97000122070312,91.94999694824219,91.97000122070312,91.97000122070312,2254.0
2022-01-21 11:17:00-05:00,91.97000122070312,91.98999786376953,91.97000122070312,91.98999786376953,91.98999786376953,15108.0
2022-01-21 11:18:00-05:00,91.9800033569336,91.98999786376953,91.97000122070312,91.97000122070312,91.97000122070312,7523.0
2022-01-21 11:19:00-05:00,91.9800033569336,91.98999786376953,91.97000122070312,91.9800033569336,91.9800033569336,3571.0
2022-01-21 11:20:00-05:00,91.9800033569336,92.0,91.97000122070312,91.98500061035156,91.98500061035156,16217.0
2022-01-21 11:21:00-05:00,91.98999786376953,92.01000213623047,91.98999786376953,92.0,92.0,12675.0
2022-01-21 11:22:00-05:00,91.98999786376953,92.01499938964844,91.98999786376953,92.0,92.0,6997.0
2022-01-21 11:23:00-05:00,91.99500274658203,92.0,91.97000122070312,91.98999786376953,91.98999786376953,5098.0
2022-01-21 11:24:00-05:00,91.98999786376953,91.98999786376953,91.97000122070312,91.9800033569336,91.9800033569336,4275.0
2022-01-21 11:25:00-05:00,91.9800033569336,91.9800033569336,91.95999908447266,91.97000122070312,91.97000122070312,7007.0
2022-01-21 11:26:00-05:00,91.96499633789062,91.96499633789062,91.94999694824219,91.94999694824219,91.94999694824219,5131.0
2022-01-21 11:27:00-05:00,91.95999908447266,91.9800033569336,91.94499969482422,91.94999694824219,91.94999694824219,5957.0
2022-01-21 11:28:00-05:00,91.94999694824219,91.94999694824219,91.94000244140625,91.94000244140625,91.94000244140625,5072.0
2022-01-21 11:29:00-05:00,91.94499969482422,91.97000122070312,91.91999816894531,91.91999816894531,91.91999816894531,8037.0
2022-01-21 11:30:00-05:00,91.92500305175781,91.92500305175781,91.90499877929688,91.90499877929688,91.90499877929688,5099.0
2022-01-21 11:31:00-05:00,91.90499877929688,91.91000366210938,91.87000274658203,91.87000274658203,91.87000274658203,29316.0
2022-01-21 11:32:00-05:00,91.87999725341797,91.93000030517578,91.87999725341797,91.93000030517578,91.93000030517578,5584.0
2022-01-21 11:33:00-05:00,91.93000030517578,91.94999694824219,91.91999816894531,91.94000244140625,91.94000244140625,9357.0
2022-01-21 11:34:00-05:00,91.94999694824219,91.9800033569336,91.94999694824219,91.9800033569336,91.9800033569336,3790.0
2022-01-21 11:35:00-05:00,91.97000122070312,91.9800033569336,91.94999694824219,91.95500183105469,91.95500183105469,5662.0
2022-01-21 11:36:00-05:00,91.95999908447266,91.98500061035156,91.95999908447266,91.98500061035156,91.98500061035156,2726.0
2022-01-21 11:37:00-05:00,91.9800033569336,91.98500061035156,91.94499969482422,91.94499969482422,91.94499969482422,9978.0
2022-01-21 11:38:00-05:00,91.94000244140625,91.94999694824219,91.91999816894531,91.94999694824219,91.94999694824219,7491.0
2022-01-21 11:39:00-05:00,91.94000244140625,91.94499969482422,91.91999816894531,91.92500305175781,91.92500305175781,4003.0
2022-01-21 11:40:00-05:00,91.93000030517578,91.94000244140625,91.91999816894531,91.93499755859375,91.93499755859375,5346.0
2022-01-21 11:41:00-05:00,91.93499755859375,91.93499755859375,91.91999816894531,91.91999816894531,91.91999816894531,6407.0
2022-01-21 11:42:00-05:00,91.93000030517578,91.94000244140625,91.91000366210938,91.91500091552734,91.91500091552734,6452.0
2022-01-21 11:43:00-05:00,91.91999816894531,91.95500183105469,91.91999816894531,91.94999694824219,91.94999694824219,3888.0
2022-01-21 11:44:00-05:00,91.95500183105469,91.95999908447266,91.94999694824219,91.95999908447266,91.95999908447266,2945.0
2022-01-21 11:45:00-05:00,91.95500183105469,91.97000122070312,91.95500183105469,91.96499633789062,91.96499633789062,1734.0
2022-01-21 11:46:00-05:00,91.97000122070312,91.98999786376953,91.95999908447266,91.95999908447266,91.95999908447266,5243.0
2022-01-21 11:47:00-05:00,91.95999908447266,91.98500061035156,91.95999908447266,91.9800033569336,91.9800033569336,14775.0
2022-01-21 11:48:00-05:00,91.9749984741211,91.98999786376953,91.97000122070312,91.9800033569336,91.9800033569336,7364.0
2022-01-21 11:49:00-05:00,92.0,92.00499725341797,91.98999786376953,92.00499725341797,92.00499725341797,7231.0
2022-01-21 11:50:00-05:00,92.01000213623047,92.08000183105469,92.01000213623047,92.08000183105469,92.08000183105469,6822.0
2022-01-21 11:51:00-05:00,92.08000183105469,92.08000183105469,92.05500030517578,92.06999969482422,92.06999969482422,4504.0
2022-01-21 11:52:00-05:00,92.06999969482422,92.07499694824219,92.05000305175781,92.05500030517578,92.05500030517578,6714.0
2022-01-21 11:53:00-05:00,92.05999755859375,92.06999969482422,92.0250015258789,92.0250015258789,92.0250015258789,8688.0
2022-01-21 11:54:00-05:00,92.0199966430664,92.02999877929688,92.01000213623047,92.0199966430664,92.0199966430664,9646.0
2022-01-21 11:55:00-05:00,92.02999877929688,92.02999877929688,92.01100158691406,92.01100158691406,92.01100158691406,2583.0
2022-01-21 11:56:00-05:00,92.0199966430664,92.02999877929688,92.0199966430664,92.0199966430664,92.0199966430664,1205.0
2022-01-21 11:57:00-05:00,92.0199966430664,92.03500366210938,92.0199966430664,92.02999877929688,92.02999877929688,3370.0
2022-01-21 11:58:00-05:00,92.04000091552734,92.04000091552734,92.02999877929688,92.02999877929688,92.02999877929688,2804.0
2022-01-21 11:59:00-05:00,92.02999877929688,92.02999877929688,92.01000213623047,92.01000213623047,92.01000213623047,1528.0
2022-01-21 12:00:00-05:00,92.01000213623047,92.01000213623047,91.98999786376953,91.99349975585938,91.99349975585938,4719.0
2022-01-21 12:02:00-05:00,92.0,92.0,91.9800033569336,91.98500061035156,91.98500061035156,41628.0
2022-01-21 12:03:00-05:00,91.9800033569336,91.9800033569336,91.91000366210938,91.91999816894531,91.91999816894531,6515.0
2022-01-21 12:04:00-05:00,91.91500091552734,91.94000244140625,91.91500091552734,91.91999816894531,91.91999816894531,4535.0
2022-01-21 12:05:00-05:00,91.91999816894531,91.91999816894531,91.88500213623047,91.9000015258789,91.9000015258789,3645.0
2022-01-21 12:06:00-05:00,91.91000366210938,91.94499969482422,91.87999725341797,91.91500091552734,91.91500091552734,9631.0
2022-01-21 12:07:00-05:00,91.9000015258789,91.91000366210938,91.88999938964844,91.90499877929688,91.90499877929688,5639.0
2022-01-21 12:08:00-05:00,91.9000015258789,91.9000015258789,91.86000061035156,91.87000274658203,91.87000274658203,3634.0
2022-01-21 12:09:00-05:00,91.86000061035156,91.87000274658203,91.8499984741211,91.87000274658203,91.87000274658203,9733.0
2022-01-21 12:10:00-05:00,91.86000061035156,91.87000274658203,91.8499984741211,91.8499984741211,91.8499984741211,2994.0
2022-01-21 12:11:00-05:00,91.8499984741211,91.87999725341797,91.8499984741211,91.86499786376953,91.86499786376953,9493.0
2022-01-21 12:12:00-05:00,91.86000061035156,91.87000274658203,91.8499984741211,91.8499984741211,91.8499984741211,7156.0
2022-01-21 12:13:00-05:00,91.8550033569336,91.87000274658203,91.8550033569336,91.86499786376953,91.86499786376953,3929.0
2022-01-21 12:14:00-05:00,91.86499786376953,91.86499786376953,91.86000061035156,91.86000061035156,91.86000061035156,1428.0
2022-01-21 12:15:00-05:00,91.8550033569336,91.88500213623047,91.8550033569336,91.87999725341797,91.87999725341797,3745.0
2022-01-21 12:16:00-05:00,91.88999938964844,91.91000366210938,91.87999725341797,91.91000366210938,91.91000366210938,4125.0
2022-01-21 12:17:00-05:00,91.9000015258789,91.9000015258789,91.87000274658203,91.87999725341797,91.87999725341797,9103.0
2022-01-21 12:18:00-05:00,91.88999938964844,91.9000015258789,91.87999725341797,91.8949966430664,91.8949966430664,7965.0
2022-01-21 12:19:00-05:00,91.8949966430664,91.8949966430664,91.87999725341797,91.88500213623047,91.88500213623047,3760.0
2022-01-21 12:20:00-05:00,91.87999725341797,91.88999938964844,91.87999725341797,91.88500213623047,91.88500213623047,2742.0
2022-01-21 12:21:00-05:00,91.88999938964844,91.88999938964844,91.87999725341797,91.88500213623047,91.88500213623047,3880.0
2022-01-21 12:22:00-05:00,91.88999938964844,91.88999938964844,91.8499984741211,91.86000061035156,91.86000061035156,7422.0
2022-01-21 12:23:00-05:00,91.86000061035156,91.875,91.8499984741211,91.8550033569336,91.8550033569336,28983.0
2022-01-21 12:24:00-05:00,91.8499984741211,91.875,91.8499984741211,91.86000061035156,91.86000061035156,10873.0
2022-01-21 12:25:00-05:00,91.8550033569336,91.87999725341797,91.8499984741211,91.86000061035156,91.86000061035156,6275.0
2022-01-21 12:26:00-05:00,91.86000061035156,91.86000061035156,91.8499984741211,91.8499984741211,91.8499984741211,7465.0
2022-01-21 12:27:00-05:00,91.8499984741211,91.87999725341797,91.8499984741211,91.86000061035156,91.86000061035156,12549.0
2022-01-21 12:28:00-05:00,91.86499786376953,91.87999725341797,91.8499984741211,91.86499786376953,91.86499786376953,11148.0
2022-01-21 12:29:00-05:00,91.86000061035156,91.86000061035156,91.8499984741211,91.8499984741211,91.8499984741211,31841.0
2022-01-21 12:30:00-05:00,91.8550033569336,91.86000061035156,91.83499908447266,91.83499908447266,91.83499908447266,16802.0
2022-01-21 12:31:00-05:00,91.83000183105469,91.83999633789062,91.81500244140625,91.82499694824219,91.82499694824219,11039.0
2022-01-21 12:32:00-05:00,91.81999969482422,91.81999969482422,91.79000091552734,91.79000091552734,91.79000091552734,6586.0
2022-01-21 12:33:00-05:00,91.77999877929688,91.77999877929688,91.76000213623047,91.76000213623047,91.76000213623047,2944.0
2022-01-21 12:34:00-05:00,91.76000213623047,91.7699966430664,91.72000122070312,91.7249984741211,91.7249984741211,16977.0
2022-01-21 12:35:00-05:00,91.7300033569336,91.7300033569336,91.68000030517578,91.68000030517578,91.68000030517578,7504.0
2022-01-21 12:36:00-05:00,91.68000030517578,91.69000244140625,91.63999938964844,91.66000366210938,91.66000366210938,11030.0
2022-01-21 12:37:00-05:00,91.65499877929688,91.69999694824219,91.65499877929688,91.69999694824219,91.69999694824219,6942.0
2022-01-21 12:38:00-05:00,91.71499633789062,91.73999786376953,91.70999908447266,91.7300033569336,91.7300033569336,6914.0
2022-01-21 12:39:00-05:00,91.73500061035156,91.75,91.73500061035156,91.75,91.75,13917.0
2022-01-21 12:40:00-05:00,91.75,91.79000091552734,91.75,91.79000091552734,91.79000091552734,4311.0
2022-01-21 12:41:00-05:00,91.78500366210938,91.79000091552734,91.77999877929688,91.78500366210938,91.78500366210938,4016.0
2022-01-21 12:42:00-05:00,91.79000091552734,91.79000091552734,91.7699966430664,91.7699966430664,91.7699966430664,4599.0
2022-01-21 12:43:00-05:00,91.7699966430664,91.77999877929688,91.75,91.7750015258789,91.7750015258789,7699.0
2022-01-21 12:44:00-05:00,91.7699966430664,91.7699966430664,91.75,91.75,91.75,3009.0
2022-01-21 12:45:00-05:00,91.75,91.79000091552734,91.75,91.77999877929688,91.77999877929688,9882.0
2022-01-21 12:46:00-05:00,91.77999877929688,91.77999877929688,91.74500274658203,91.75499725341797,91.75499725341797,11251.0
2022-01-21 12:47:00-05:00,91.76000213623047,91.79000091552734,91.76000213623047,91.79000091552734,91.79000091552734,5043.0
2022-01-21 12:48:00-05:00,91.79000091552734,91.79000091552734,91.77999877929688,91.78500366210938,91.78500366210938,2621.0
2022-01-21 12:49:00-05:00,91.79000091552734,91.79000091552734,91.73500061035156,91.73999786376953,91.73999786376953,12322.0
2022-01-21 12:50:00-05:00,91.70999908447266,91.72000122070312,91.70999908447266,91.72000122070312,91.72000122070312,6290.0
2022-01-21 12:51:00-05:00,91.70999908447266,91.76000213623047,91.70999908447266,91.7300033569336,91.7300033569336,8180.0
2022-01-21 12:52:00-05:00,91.7300033569336,91.75,91.72000122070312,91.75,91.75,4356.0
2022-01-21 12:53:00-05:00,91.75,91.75,91.72000122070312,91.7300033569336,91.7300033569336,5726.0
2022-01-21 12:54:00-05:00,91.7300033569336,91.7300033569336,91.70500183105469,91.70999908447266,91.70999908447266,9667.0
2022-01-21 12:55:00-05:00,91.69999694824219,91.73999786376953,91.69000244140625,91.73999786376953,91.73999786376953,13163.0
2022-01-21 12:56:00-05:00,91.73500061035156,91.73999786376953,91.71499633789062,91.7300033569336,91.7300033569336,6643.0
2022-01-21 12:57:00-05:00,91.7300033569336,91.73500061035156,91.71499633789062,91.71499633789062,91.71499633789062,2032.0
2022-01-21 12:58:00-05:00,91.72000122070312,91.7300033569336,91.72000122070312,91.7249984741211,91.7249984741211,3882.0
2022-01-21 12:59:00-05:00,91.72000122070312,91.7300033569336,91.69999694824219,91.70999908447266,91.70999908447266,8662.0
2022-01-21 13:00:00-05:00,91.69999694824219,91.7300033569336,91.69999694824219,91.7300033569336,91.7300033569336,7683.0
2022-01-21 13:02:00-05:00,91.70500183105469,91.70500183105469,91.68000030517578,91.68000030517578,91.68000030517578,17633.0
2022-01-21 13:03:00-05:00,91.67500305175781,91.67500305175781,91.63999938964844,91.63999938964844,91.63999938964844,3444.0
2022-01-21 13:04:00-05:00,91.6449966430664,91.6500015258789,91.62999725341797,91.63500213623047,91.63500213623047,7996.0
2022-01-21 13:05:00-05:00,91.63999938964844,91.66000366210938,91.63999938964844,91.6500015258789,91.6500015258789,9941.0
2022-01-21 13:06:00-05:00,91.6500015258789,91.66999816894531,91.6500015258789,91.66999816894531,91.66999816894531,3914.0
2022-01-21 13:07:00-05:00,91.66000366210938,91.66999816894531,91.66000366210938,91.66500091552734,91.66500091552734,3231.0
2022-01-21 13:08:00-05:00,91.66500091552734,91.69000244140625,91.66000366210938,91.69000244140625,91.69000244140625,7723.0
2022-01-21 13:09:00-05:00,91.68000030517578,91.68000030517578,91.66000366210938,91.66000366210938,91.66000366210938,4776.0
2022-01-21 13:10:00-05:00,91.66999816894531,91.7300033569336,91.66899871826172,91.72000122070312,91.72000122070312,6003.0
2022-01-21 13:11:00-05:00,91.7300033569336,91.76000213623047,91.72000122070312,91.76000213623047,91.76000213623047,11728.0
2022-01-21 13:12:00-05:00,91.75,91.76000213623047,91.73999786376953,91.76000213623047,91.76000213623047,6117.0
2022-01-21 13:13:00-05:00,91.76000213623047,91.76000213623047,91.75,91.75499725341797,91.75499725341797,924.0
2022-01-21 13:14:00-05:00,91.76000213623047,91.7699966430664,91.76000213623047,91.7699966430664,91.7699966430664,2663.0
2022-01-21 13:15:00-05:00,91.76499938964844,91.76499938964844,91.72000122070312,91.73500061035156,91.73500061035156,8849.0
2022-01-21 13:16:00-05:00,91.73500061035156,91.73999786376953,91.70999908447266,91.72000122070312,91.72000122070312,4564.0
2022-01-21 13:17:00-05:00,91.72000122070312,91.72000122070312,91.70999908447266,91.70999908447266,91.70999908447266,4035.0
2022-01-21 13:18:00-05:00,91.71499633789062,91.72000122070312,91.70899963378906,91.70999908447266,91.70999908447266,8599.0
2022-01-21 13:19:00-05:00,91.70999908447266,91.7300033569336,91.70999908447266,91.7300033569336,91.7300033569336,6300.0
2022-01-21 13:20:00-05:00,91.7249984741211,91.73999786376953,91.72000122070312,91.73999786376953,91.73999786376953,8959.0
2022-01-21 13:21:00-05:00,91.73999786376953,91.73999786376953,91.7300033569336,91.7300033569336,91.7300033569336,6041.0
2022-01-21 13:22:00-05:00,91.7300033569336,91.7300033569336,91.71499633789062,91.72000122070312,91.72000122070312,2246.0
2022-01-21 13:23:00-05:00,91.72000122070312,91.72000122070312,91.70999908447266,91.70999908447266,91.70999908447266,3425.0
2022-01-21 13:24:00-05:00,91.70999908447266,91.72000122070312,91.66999816894531,91.66999816894531,91.66999816894531,7578.0
2022-01-21 13:25:00-05:00,91.66000366210938,91.68000030517578,91.66000366210938,91.68000030517578,91.68000030517578,7244.0
2022-01-21 13:26:00-05:00,91.68000030517578,91.70999908447266,91.66999816894531,91.70999908447266,91.70999908447266,6852.0
2022-01-21 13:27:00-05:00,91.70999908447266,91.72000122070312,91.70999908447266,91.71499633789062,91.71499633789062,4322.0
2022-01-21 13:28:00-05:00,91.72000122070312,91.7300033569336,91.72000122070312,91.7300033569336,91.7300033569336,2382.0
2022-01-21 13:29:00-05:00,91.72000122070312,91.75,91.70999908447266,91.74500274658203,91.74500274658203,10945.0
2022-01-21 13:30:00-05:00,91.75,91.7699966430664,91.73999786376953,91.76740264892578,91.76740264892578,6496.0
2022-01-21 13:31:00-05:00,91.7699966430664,91.77999877929688,91.7699966430664,91.77999877929688,91.77999877929688,3517.0
2022-01-21 13:32:00-05:00,91.77999877929688,91.80000305175781,91.77999877929688,91.79000091552734,91.79000091552734,3340.0
2022-01-21 13:33:00-05:00,91.78500366210938,91.80999755859375,91.78500366210938,91.80000305175781,91.80000305175781,7738.0
2022-01-21 13:34:00-05:00,91.80000305175781,91.80000305175781,91.79000091552734,91.79000091552734,91.79000091552734,3626.0
2022-01-21 13:35:00-05:00,91.77999877929688,91.77999877929688,91.7300033569336,91.7300033569336,91.7300033569336,2004.0
2022-01-21 13:36:00-05:00,91.7300033569336,91.7300033569336,91.7300033569336,91.7300033569336,91.7300033569336,1055.0
2022-01-21 13:37:00-05:00,91.72000122070312,91.76000213623047,91.72000122070312,91.75,91.75,6681.0
2022-01-21 13:38:00-05:00,91.75,91.80000305175781,91.75,91.80000305175781,91.80000305175781,4786.0
2022-01-21 13:39:00-05:00,91.79000091552734,91.79000091552734,91.73999786376953,91.73999786376953,91.73999786376953,4568.0
2022-01-21 13:40:00-05:00,91.73999786376953,91.75,91.7300033569336,91.7300033569336,91.7300033569336,7050.0
2022-01-21 13:41:00-05:00,91.73999786376953,91.7699966430664,91.73999786376953,91.75,91.75,3506.0
2022-01-21 13:42:00-05:00,91.75,91.75499725341797,91.75,91.75,91.75,2518.0
2022-01-21 13:43:00-05:00,91.73999786376953,91.75,91.7300033569336,91.75,91.75,922.0
2022-01-21 13:44:00-05:00,91.75,91.75,91.7300033569336,91.7300033569336,91.7300033569336,3153.0
2022-01-21 13:45:00-05:00,91.7300033569336,91.7300033569336,91.70999908447266,91.70999908447266,91.70999908447266,4175.0
2022-01-21 13:46:00-05:00,91.72000122070312,91.73999786376953,91.70999908447266,91.70999908447266,91.70999908447266,3903.0
2022-01-21 13:47:00-05:00,91.70999908447266,91.70999908447266,91.67569732666016,91.67569732666016,91.67569732666016,6384.0
2022-01-21 13:48:00-05:00,91.69000244140625,91.69000244140625,91.6500015258789,91.66000366210938,91.66000366210938,19149.0
2022-01-21 13:49:00-05:00,91.66000366210938,91.66999816894531,91.65499877929688,91.66999816894531,91.66999816894531,5807.0
2022-01-21 13:50:00-05:00,91.66999816894531,91.72000122070312,91.66999816894531,91.68000030517578,91.68000030517578,7363.0
2022-01-21 13:51:00-05:00,91.68000030517578,91.68000030517578,91.66000366210938,91.66000366210938,91.66000366210938,4755.0
2022-01-21 13:52:00-05:00,91.66000366210938,91.68000030517578,91.6500015258789,91.68000030517578,91.68000030517578,3503.0
2022-01-21 13:53:00-05:00,91.69000244140625,91.69000244140625,91.65730285644531,91.66999816894531,91.66999816894531,5719.0
2022-01-21 13:54:00-05:00,91.66999816894531,91.66999816894531,91.66000366210938,91.66999816894531,91.66999816894531,711.0
2022-01-21 13:55:00-05:00,91.66500091552734,91.66999816894531,91.6500015258789,91.66999816894531,91.66999816894531,10918.0
2022-01-21 13:56:00-05:00,91.68000030517578,91.68000030517578,91.66000366210938,91.66000366210938,91.66000366210938,2064.0
2022-01-21 13:57:00-05:00,91.6500015258789,91.66000366210938,91.6500015258789,91.66000366210938,91.66000366210938,6223.0
2022-01-21 13:58:00-05:00,91.66000366210938,91.66999816894531,91.6500015258789,91.65499877929688,91.65499877929688,9853.0
2022-01-21 13:59:00-05:00,91.6500015258789,91.66000366210938,91.6500015258789,91.66000366210938,91.66000366210938,3897.0
2022-01-21 14:00:00-05:00,91.66000366210938,91.66000366210938,91.6500015258789,91.66000366210938,91.66000366210938,9489.0
2022-01-21 14:02:00-05:00,91.66500091552734,91.66999816894531,91.66500091552734,91.66500091552734,91.66500091552734,591.0
2022-01-21 14:03:00-05:00,91.66999816894531,91.68000030517578,91.6500015258789,91.66000366210938,91.66000366210938,5472.0
2022-01-21 14:04:00-05:00,91.66999816894531,91.68000030517578,91.65499877929688,91.65499877929688,91.65499877929688,5583.0
2022-01-21 14:05:00-05:00,91.6500015258789,91.68000030517578,91.6500015258789,91.68000030517578,91.68000030517578,3769.0
2022-01-21 14:06:00-05:00,91.68000030517578,91.72000122070312,91.68000030517578,91.69999694824219,91.69999694824219,6309.0
2022-01-21 14:07:00-05:00,91.69999694824219,91.69999694824219,91.6500015258789,91.66999816894531,91.66999816894531,6776.0
2022-01-21 14:08:00-05:00,91.6500015258789,91.68000030517578,91.6500015258789,91.68000030517578,91.68000030517578,13644.0
2022-01-21 14:09:00-05:00,91.68000030517578,91.70999908447266,91.68000030517578,91.70500183105469,91.70500183105469,3356.0
2022-01-21 14:10:00-05:00,91.70999908447266,91.7249984741211,91.70999908447266,91.72000122070312,91.72000122070312,3854.0
2022-01-21 14:11:00-05:00,91.70999908447266,91.70999908447266,91.69999694824219,91.70999908447266,91.70999908447266,5894.0
2022-01-21 14:12:00-05:00,91.70500183105469,91.70999908447266,91.69999694824219,91.69999694824219,91.69999694824219,1116.0
2022-01-21 14:13:00-05:00,91.70999908447266,91.72000122070312,91.70500183105469,91.72000122070312,91.72000122070312,10301.0
2022-01-21 14:14:00-05:00,91.72000122070312,91.7300033569336,91.71499633789062,91.71499633789062,91.71499633789062,4001.0
2022-01-21 14:15:00-05:00,91.72000122070312,91.73999786376953,91.71499633789062,91.73999786376953,91.73999786376953,4087.0
2022-01-21 14:16:00-05:00,91.73999786376953,91.73999786376953,91.71499633789062,91.71499633789062,91.71499633789062,2256.0
2022-01-21 14:17:00-05:00,91.70999908447266,91.73500061035156,91.70999908447266,91.73500061035156,91.73500061035156,4852.0
2022-01-21 14:18:00-05:00,91.73999786376953,91.75,91.73999786376953,91.75,91.75,1936.0
2022-01-21 14:19:00-05:00,91.74500274658203,91.74559783935547,91.74500274658203,91.74500274658203,91.74500274658203,1675.0
2022-01-21 14:20:00-05:00,91.73999786376953,91.73999786376953,91.72000122070312,91.73999786376953,91.73999786376953,5419.0
2022-01-21 14:21:00-05:00,91.75,91.7699966430664,91.7300033569336,91.73999786376953,91.73999786376953,3488.0
2022-01-21 14:22:00-05:00,91.73999786376953,91.73999786376953,91.7300033569336,91.73500061035156,91.73500061035156,3602.0
2022-01-21 14:23:00-05:00,91.7300033569336,91.73999786376953,91.7300033569336,91.73500061035156,91.73500061035156,1197.0
2022-01-21 14:24:00-05:00,91.73500061035156,91.75,91.73500061035156,91.73999786376953,91.73999786376953,9263.0
2022-01-21 14:25:00-05:00,91.7300033569336,91.7300033569336,91.70500183105469,91.70999908447266,91.70999908447266,30229.0
2022-01-21 14:26:00-05:00,91.70999908447266,91.72000122070312,91.69999694824219,91.69999694824219,91.69999694824219,9300.0
2022-01-21 14:27:00-05:00,91.70999908447266,91.72000122070312,91.69000244140625,91.69000244140625,91.69000244140625,5102.0
2022-01-21 14:28:00-05:00,91.69000244140625,91.70500183105469,91.69000244140625,91.69000244140625,91.69000244140625,6232.0
2022-01-21 14:29:00-05:00,91.69000244140625,91.69000244140625,91.69000244140625,91.69000244140625,91.69000244140625,1585.0
2022-01-21 14:30:00-05:00,91.69000244140625,91.69000244140625,91.68000030517578,91.69000244140625,91.69000244140625,5443.0
2022-01-21 14:31:00-05:00,91.68280029296875,91.69000244140625,91.67500305175781,91.67500305175781,91.67500305175781,3606.0
2022-01-21 14:32:00-05:00,91.66999816894531,91.68000030517578,91.66500091552734,91.66500091552734,91.66500091552734,2562.0
2022-01-21 14:33:00-05:00,91.66000366210938,91.66999816894531,91.66000366210938,91.66999816894531,91.66999816894531,4345.0
2022-01-21 14:34:00-05:00,91.67500305175781,91.68000030517578,91.66999816894531,91.67500305175781,91.67500305175781,2725.0
2022-01-21 14:35:00-05:00,91.67350006103516,91.67350006103516,91.66000366210938,91.66000366210938,91.66000366210938,8449.0
2022-01-21 14:36:00-05:00,91.66999816894531,91.66999816894531,91.66000366210938,91.66999816894531,91.66999816894531,8327.0
2022-01-21 14:37:00-05:00,91.66500091552734,91.66999816894531,91.6449966430664,91.66999816894531,91.66999816894531,9974.0
2022-01-21 14:38:00-05:00,91.66500091552734,91.68000030517578,91.66500091552734,91.67500305175781,91.67500305175781,3560.0
2022-01-21 14:39:00-05:00,91.68000030517578,91.68000030517578,91.66999816894531,91.67500305175781,91.67500305175781,1549.0
2022-01-21 14:40:00-05:00,91.68000030517578,91.69000244140625,91.67500305175781,91.69000244140625,91.69000244140625,11037.0
2022-01-21 14:41:00-05:00,91.69000244140625,91.69000244140625,91.68000030517578,91.69000244140625,91.69000244140625,2344.0
2022-01-21 14:42:00-05:00,91.68000030517578,91.68499755859375,91.65399932861328,91.66999816894531,91.66999816894531,8185.0
2022-01-21 14:43:00-05:00,91.66999816894531,91.66999816894531,91.6500015258789,91.6500015258789,91.6500015258789,3347.0
2022-01-21 14:44:00-05:00,91.65499877929688,91.65499877929688,91.63500213623047,91.6500015258789,91.6500015258789,7106.0
2022-01-21 14:45:00-05:00,91.6449966430664,91.66000366210938,91.6449966430664,91.6500015258789,91.6500015258789,1850.0
2022-01-21 14:46:00-05:00,91.63999938964844,91.6500015258789,91.63999938964844,91.64830017089844,91.64830017089844,2347.0
2022-01-21 14:47:00-05:00,91.6449966430664,91.66000366210938,91.62999725341797,91.63999938964844,91.63999938964844,8914.0
2022-01-21 14:48:00-05:00,91.62999725341797,91.62999725341797,91.5999984741211,91.62000274658203,91.62000274658203,25409.0
2022-01-21 14:49:00-05:00,91.62000274658203,91.62000274658203,91.61250305175781,91.62000274658203,91.62000274658203,11591.0
2022-01-21 14:50:00-05:00,91.625,91.63999938964844,91.62000274658203,91.625,91.625,6729.0
2022-01-21 14:51:00-05:00,91.62999725341797,91.63999938964844,91.6050033569336,91.6050033569336,91.6050033569336,10182.0
2022-01-21 14:52:00-05:00,91.6050033569336,91.61000061035156,91.58000183105469,91.59500122070312,91.59500122070312,21169.0
2022-01-21 14:53:00-05:00,91.5999984741211,91.5999984741211,91.59500122070312,91.59500122070312,91.59500122070312,2824.0
2022-01-21 14:54:00-05:00,91.5999984741211,91.62000274658203,91.5999984741211,91.62000274658203,91.62000274658203,9726.0
2022-01-21 14:55:00-05:00,91.61499786376953,91.6449966430664,91.61499786376953,91.63999938964844,91.63999938964844,10888.0
2022-01-21 14:56:00-05:00,91.63999938964844,91.63999938964844,91.62999725341797,91.63999938964844,91.63999938964844,5411.0
2022-01-21 14:57:00-05:00,91.63500213623047,91.6500015258789,91.625,91.625,91.625,17221.0
2022-01-21 14:58:00-05:00,91.625,91.63999938964844,91.62000274658203,91.63500213623047,91.63500213623047,8587.0
2022-01-21 14:59:00-05:00,91.63999938964844,91.63999938964844,91.62000274658203,91.62999725341797,91.62999725341797,11167.0
2022-01-21 15:00:00-05:00,91.62999725341797,91.63999938964844,91.61000061035156,91.63999938964844,91.63999938964844,18109.0
2022-01-21 15:02:00-05:00,91.65499877929688,91.65499877929688,91.62000274658203,91.62000274658203,91.62000274658203,21559.0
2022-01-21 15:03:00-05:00,91.625,91.62999725341797,91.5999984741211,91.61000061035156,91.61000061035156,7226.0
2022-01-21 15:04:00-05:00,91.62000274658203,91.62000274658203,91.6050033569336,91.61000061035156,91.61000061035156,4664.0
2022-01-21 15:05:00-05:00,91.62000274658203,91.62000274658203,91.61499786376953,91.61499786376953,91.61499786376953,4491.0
2022-01-21 15:06:00-05:00,91.62000274658203,91.62000274658203,91.5999984741211,91.6050033569336,91.6050033569336,7510.0
2022-01-21 15:07:00-05:00,91.6050033569336,91.61000061035156,91.5999984741211,91.61000061035156,91.61000061035156,11439.0
2022-01-21 15:08:00-05:00,91.6050033569336,91.61000061035156,91.5999984741211,91.6050033569336,91.6050033569336,9510.0
2022-01-21 15:09:00-05:00,91.5999984741211,91.5999984741211,91.56500244140625,91.56500244140625,91.56500244140625,7209.0
2022-01-21 15:10:00-05:00,91.56999969482422,91.56999969482422,91.54499816894531,91.55000305175781,91.55000305175781,21387.0
2022-01-21 15:11:00-05:00,91.55999755859375,91.55999755859375,91.51000213623047,91.51499938964844,91.51499938964844,19225.0
2022-01-21 15:12:00-05:00,91.52999877929688,91.52999877929688,91.51499938964844,91.5250015258789,91.5250015258789,9147.0
2022-01-21 15:13:00-05:00,91.5250015258789,91.55999755859375,91.5250015258789,91.55000305175781,91.55000305175781,7570.0
2022-01-21 15:14:00-05:00,91.54000091552734,91.55000305175781,91.54000091552734,91.54499816894531,91.54499816894531,4950.0
2022-01-21 15:15:00-05:00,91.54499816894531,91.54499816894531,91.54000091552734,91.54000091552734,91.54000091552734,8435.0
2022-01-21 15:16:00-05:00,91.55000305175781,91.58000183105469,91.55000305175781,91.58000183105469,91.58000183105469,10971.0
2022-01-21 15:17:00-05:00,91.58000183105469,91.5999984741211,91.55999755859375,91.5999984741211,91.5999984741211,16238.0
2022-01-21 15:18:00-05:00,91.6050033569336,91.61000061035156,91.55999755859375,91.56500244140625,91.56500244140625,11370.0
2022-01-21 15:19:00-05:00,91.55860137939453,91.55999755859375,91.54000091552734,91.55000305175781,91.55000305175781,9347.0
2022-01-21 15:20:00-05:00,91.54499816894531,91.55000305175781,91.5199966430664,91.53500366210938,91.53500366210938,12515.0
2022-01-21 15:21:00-05:00,91.54000091552734,91.55000305175781,91.5199966430664,91.5199966430664,91.5199966430664,7227.0
2022-01-21 15:22:00-05:00,91.5250015258789,91.54000091552734,91.51000213623047,91.54000091552734,91.54000091552734,15394.0
2022-01-21 15:23:00-05:00,91.55000305175781,91.58000183105469,91.54000091552734,91.55999755859375,91.55999755859375,7687.0
2022-01-21 15:24:00-05:00,91.55999755859375,91.57499694824219,91.5385971069336,91.55000305175781,91.55000305175781,4650.0
2022-01-21 15:25:00-05:00,91.55069732666016,91.58000183105469,91.55069732666016,91.56999969482422,91.56999969482422,8028.0
2022-01-21 15:26:00-05:00,91.55999755859375,91.55999755859375,91.51000213623047,91.5199966430664,91.5199966430664,14956.0
2022-01-21 15:27:00-05:00,91.5199966430664,91.5199966430664,91.50499725341797,91.5199966430664,91.5199966430664,16671.0
2022-01-21 15:28:00-05:00,91.5199966430664,91.52999877929688,91.51499938964844,91.5199966430664,91.5199966430664,17988.0
2022-01-21 15:29:00-05:00,91.5199966430664,91.52999877929688,91.5199966430664,91.5199966430664,91.5199966430664,17165.0
2022-01-21 15:30:00-05:00,91.5250015258789,91.54000091552734,91.5199966430664,91.54000091552734,91.54000091552734,11348.0
2022-01-21 15:31:00-05:00,91.54000091552734,91.54000091552734,91.5199966430664,91.5199966430664,91.5199966430664,19459.0
2022-01-21 15:32:00-05:00,91.52999877929688,91.54000091552734,91.5250015258789,91.52999877929688,91.52999877929688,12927.0
2022-01-21 15:33:00-05:00,91.5199966430664,91.52999877929688,91.5199966430664,91.52999877929688,91.52999877929688,6392.0
2022-01-21 15:34:00-05:00,91.5199966430664,91.54000091552734,91.5199966430664,91.53500366210938,91.53500366210938,11352.0
2022-01-21 15:35:00-05:00,91.52999877929688,91.54000091552734,91.5199966430664,91.54000091552734,91.54000091552734,7118.0
2022-01-21 15:36:00-05:00,91.54000091552734,91.55000305175781,91.51000213623047,91.51499938964844,91.51499938964844,13879.0
2022-01-21 15:37:00-05:00,91.51100158691406,91.5199966430664,91.51000213623047,91.51000213623047,91.51000213623047,3464.0
2022-01-21 15:38:00-05:00,91.5199966430664,91.5199966430664,91.51000213623047,91.5199966430664,91.5199966430664,15296.0
2022-01-21 15:39:00-05:00,91.52999877929688,91.55999755859375,91.5250015258789,91.55500030517578,91.55500030517578,16975.0
2022-01-21 15:40:00-05:00,91.55999755859375,91.61000061035156,91.55999755859375,91.61000061035156,91.61000061035156,11766.0
2022-01-21 15:41:00-05:00,91.6050033569336,91.61000061035156,91.58000183105469,91.58000183105469,91.58000183105469,13125.0
2022-01-21 15:42:00-05:00,91.58000183105469,91.61000061035156,91.58000183105469,91.5999984741211,91.5999984741211,14649.0
2022-01-21 15:43:00-05:00,91.5999984741211,91.61000061035156,91.58000183105469,91.58000183105469,91.58000183105469,23282.0
2022-01-21 15:44:00-05:00,91.58429718017578,91.58999633789062,91.54000091552734,91.55000305175781,91.55000305175781,13667.0
2022-01-21 15:45:00-05:00,91.54000091552734,91.55999755859375,91.54000091552734,91.55000305175781,91.55000305175781,12879.0
2022-01-21 15:46:00-05:00,91.55000305175781,91.55999755859375,91.52999877929688,91.52999877929688,91.52999877929688,17711.0
2022-01-21 15:47:00-05:00,91.52999877929688,91.54499816894531,91.52999877929688,91.52999877929688,91.52999877929688,14195.0
2022-01-21 15:48:00-05:00,91.52999877929688,91.55000305175781,91.50499725341797,91.51000213623047,91.51000213623047,27381.0
2022-01-21 15:49:00-05:00,91.50499725341797,91.5199966430664,91.5,91.51499938964844,91.51499938964844,18575.0
2022-01-21 15:50:00-05:00,91.51000213623047,91.52999877929688,91.48999786376953,91.5250015258789,91.5250015258789,262034.0
2022-01-21 15:51:00-05:00,91.52999877929688,91.5999984741211,91.5199966430664,91.54000091552734,91.54000091552734,41123.0
2022-01-21 15:52:00-05:00,91.54000091552734,91.54000091552734,91.5199966430664,91.54000091552734,91.54000091552734,19493.0
2022-01-21 15:53:00-05:00,91.54000091552734,91.5999984741211,91.54000091552734,91.58999633789062,91.58999633789062,25319.0
2022-01-21 15:54:00-05:00,91.58999633789062,91.69000244140625,91.58499908447266,91.66999816894531,91.66999816894531,41018.0
2022-01-21 15:55:00-05:00,91.66000366210938,91.66999816894531,91.5999984741211,91.6500015258789,91.6500015258789,48059.0
2022-01-21 15:56:00-05:00,91.6500015258789,91.66000366210938,91.63999938964844,91.6449966430664,91.6449966430664,27770.0
2022-01-21 15:57:00-05:00,91.6500015258789,91.77999877929688,91.6500015258789,91.7750015258789,91.7750015258789,47856.0
2022-01-21 15:58:00-05:00,91.7750015258789,91.83000183105469,91.7699966430664,91.83000183105469,91.83000183105469,54899.0
2022-01-21 15:59:00-05:00,91.83000183105469,91.83000183105469,91.69999694824219,91.69999694824219,91.69999694824219,117205.0
2022-01-31 14:09:15-05:00,91.19499969482422,91.19499969482422,91.19499969482422,91.19499969482422,91.19499969482422,0.0
2022-01-31 14:09:15-05:00,91.19499969482422,91.19499969482422,91.19499969482422,91.19499969482422,91.19499969482422,0.0
2022-01-25 14:46:00-05:00,91.45500183105469,91.45500183105469,91.45500183105469,91.45500183105469,91.45500183105469,0.0
2022-01-25 15:00:00-05:00,91.55000305175781,91.55000305175781,91.54000091552734,91.54000091552734,91.54000091552734,63253.0
2022-01-25 15:02:00-05:00,91.50499725341797,91.51000213623047,91.5,91.5,91.5,19122.0
2022-01-25 15:03:00-05:00,91.51000213623047,91.5199966430664,91.4800033569336,91.48500061035156,91.48500061035156,5048.0
2022-01-25 15:04:00-05:00,91.48500061035156,91.48500061035156,91.44999694824219,91.44999694824219,91.44999694824219,5152.0
2022-01-25 15:05:00-05:00,91.44000244140625,91.44499969482422,91.44000244140625,91.44000244140625,91.44000244140625,2124.0
2022-01-25 15:06:00-05:00,91.44999694824219,91.45500183105469,91.44000244140625,91.44999694824219,91.44999694824219,6295.0
2022-01-25 15:08:00-05:00,91.43499755859375,91.45999908447266,91.43499755859375,91.45999908447266,91.45999908447266,15776.0
2022-01-25 15:09:00-05:00,91.45999908447266,91.45999908447266,91.44499969482422,91.44999694824219,91.44999694824219,9090.0
2022-01-25 15:10:00-05:00,91.44000244140625,91.44499969482422,91.41000366210938,91.41500091552734,91.41500091552734,4597.0
2022-01-25 15:11:00-05:00,91.41000366210938,91.44000244140625,91.41000366210938,91.44000244140625,91.44000244140625,4047.0
2022-01-25 15:12:00-05:00,91.44000244140625,91.44000244140625,91.41999816894531,91.44000244140625,91.44000244140625,6469.0
2022-01-25 15:13:00-05:00,91.44000244140625,91.44999694824219,91.44000244140625,91.44999694824219,91.44999694824219,4150.0
2022-01-25 15:14:00-05:00,91.44999694824219,91.45999908447266,91.41999816894531,91.41999816894531,91.41999816894531,13361.0
2022-01-25 15:15:00-05:00,91.41999816894531,91.42500305175781,91.4000015258789,91.40499877929688,91.40499877929688,4731.0
2022-01-25 15:16:00-05:00,91.40499877929688,91.43000030517578,91.4000015258789,91.43000030517578,91.43000030517578,10740.0
2022-01-25 15:17:00-05:00,91.43000030517578,91.44499969482422,91.42500305175781,91.43000030517578,91.43000030517578,7454.0
2022-01-25 15:18:00-05:00,91.43499755859375,91.44000244140625,91.43099975585938,91.43099975585938,91.43099975585938,3479.0
2022-01-25 15:19:00-05:00,91.43000030517578,91.44000244140625,91.43000030517578,91.43499755859375,91.43499755859375,1848.0
2022-01-25 15:20:00-05:00,91.43499755859375,91.44000244140625,91.41999816894531,91.44000244140625,91.44000244140625,13101.0
2022-01-25 15:21:00-05:00,91.44499969482422,91.46499633789062,91.4000015258789,91.42500305175781,91.42500305175781,44291.0
2022-01-25 15:22:00-05:00,91.41999816894531,91.41999816894531,91.41999816894531,91.41999816894531,91.41999816894531,710.0
2022-01-25 15:23:00-05:00,91.41500091552734,91.43000030517578,91.41000366210938,91.43000030517578,91.43000030517578,9040.0
2022-01-25 15:24:00-05:00,91.43499755859375,91.44499969482422,91.41000366210938,91.41000366210938,91.41000366210938,8226.0
2022-01-25 15:25:00-05:00,91.41000366210938,91.41500091552734,91.37000274658203,91.38500213623047,91.38500213623047,52418.0
2022-01-25 15:26:00-05:00,91.37999725341797,91.38500213623047,91.31999969482422,91.32499694824219,91.32499694824219,15217.0
2022-01-25 15:27:00-05:00,91.32499694824219,91.3499984741211,91.32499694824219,91.3499984741211,91.3499984741211,17080.0
2022-01-25 15:28:00-05:00,91.3499984741211,91.36000061035156,91.3499984741211,91.36000061035156,91.36000061035156,15202.0
2022-01-25 15:29:00-05:00,91.3550033569336,91.38999938964844,91.3499984741211,91.37999725341797,91.37999725341797,16315.0
2022-01-25 15:30:00-05:00,91.37999725341797,91.3949966430664,91.36000061035156,91.38500213623047,91.38500213623047,24466.0
2022-01-25 15:31:00-05:00,91.37999725341797,91.38999938964844,91.3550033569336,91.36000061035156,91.36000061035156,15400.0
2022-01-25 15:32:00-05:00,91.36499786376953,91.37000274658203,91.33000183105469,91.33499908447266,91.33499908447266,29226.0
2022-01-25 15:33:00-05:00,91.33499908447266,91.33999633789062,91.31999969482422,91.31999969482422,91.31999969482422,11358.0
2022-01-25 15:34:00-05:00,91.32499694824219,91.33000183105469,91.31999969482422,91.32099914550781,91.32099914550781,14095.0
2022-01-25 15:35:00-05:00,91.32499694824219,91.36000061035156,91.32499694824219,91.3550033569336,91.3550033569336,8817.0
2022-01-25 15:36:00-05:00,91.36000061035156,91.36000061035156,91.30059814453125,91.30500030517578,91.30500030517578,13699.0
2022-01-25 15:37:00-05:00,91.30500030517578,91.36499786376953,91.30000305175781,91.36499786376953,91.36499786376953,8190.0
2022-01-25 15:38:00-05:00,91.36000061035156,91.375,91.3499984741211,91.3550033569336,91.3550033569336,9405.0
2022-01-25 15:39:00-05:00,91.3499984741211,91.37999725341797,91.33999633789062,91.375,91.375,9348.0
2022-01-25 15:40:00-05:00,91.37999725341797,91.42500305175781,91.375,91.41999816894531,91.41999816894531,14392.0
2022-01-25 15:41:00-05:00,91.41999816894531,91.41999816894531,91.37999725341797,91.38999938964844,91.38999938964844,10218.0
2022-01-25 15:42:00-05:00,91.37000274658203,91.37000274658203,91.33999633789062,91.33999633789062,91.33999633789062,9184.0
2022-01-25 15:43:00-05:00,91.33999633789062,91.36000061035156,91.31999969482422,91.36000061035156,91.36000061035156,12871.0
2022-01-25 15:44:00-05:00,91.36499786376953,91.36499786376953,91.3499984741211,91.3550033569336,91.3550033569336,5573.0
2022-01-25 15:45:00-05:00,91.3550033569336,91.43000030517578,91.3550033569336,91.41000366210938,91.41000366210938,10412.0
2022-01-31 14:09:15-05:00,91.19499969482422,91.19499969482422,91.19499969482422,91.19499969482422,91.19499969482422,0.0
2022-01-26 09:32:00-05:00,91.43000030517578,91.44000244140625,91.42500305175781,91.44000244140625,91.44000244140625,0.0
2022-01-26 09:37:00-05:00,91.3499984741211,91.37000274658203,91.3499984741211,91.37000274658203,91.37000274658203,53599.0
2022-01-26 09:42:00-05:00,91.45999908447266,91.45999908447266,91.45999908447266,91.45999908447266,91.45999908447266,34024.0
2022-01-26 09:52:00-05:00,91.51000213623047,91.51499938964844,91.51000213623047,91.51499938964844,91.51499938964844,63232.0
2022-01-26 10:02:00-05:00,91.47000122070312,91.4749984741211,91.47000122070312,91.4749984741211,91.4749984741211,67771.0
2022-01-26 10:07:00-05:00,91.47000122070312,91.49500274658203,91.47000122070312,91.49500274658203,91.49500274658203,54629.0
2022-01-26 10:27:00-05:00,91.43499755859375,91.43499755859375,91.43000030517578,91.43000030517578,91.43000030517578,132389.0
2022-01-26 10:32:00-05:00,91.40499877929688,91.41999816894531,91.40499877929688,91.41500091552734,91.41500091552734,93684.0
2022-01-26 10:33:00-05:00,91.4000015258789,91.4000015258789,91.3499984741211,91.3499984741211,91.3499984741211,9393.0
2022-01-26 10:37:00-05:00,91.36000061035156,91.36000061035156,91.36000061035156,91.36000061035156,91.36000061035156,0.0
2022-01-26 10:38:00-05:00,91.3499984741211,91.36000061035156,91.33999633789062,91.33999633789062,91.33999633789062,704881.0
2022-01-26 10:42:00-05:00,91.30999755859375,91.31500244140625,91.30000305175781,91.30000305175781,91.30000305175781,57501.0
2022-01-26 10:52:00-05:00,91.27999877929688,91.30000305175781,91.27999877929688,91.30000305175781,91.30000305175781,191211.0
2022-01-26 11:02:00-05:00,91.2699966430664,91.27999877929688,91.26000213623047,91.27999877929688,91.27999877929688,109658.0
2022-01-26 11:12:00-05:00,91.31999969482422,91.31999969482422,91.30000305175781,91.30000305175781,91.30000305175781,110647.0
2022-01-26 11:32:00-05:00,91.27999877929688,91.27999877929688,91.27999877929688,91.27999877929688,91.27999877929688,204652.0
2022-01-26 11:37:00-05:00,91.25,91.25,91.25,91.25,91.25,73440.0
2022-01-26 11:42:00-05:00,91.25,91.25,91.25,91.25,91.25,55242.0
2022-01-26 11:47:00-05:00,91.21499633789062,91.2300033569336,91.21499633789062,91.2249984741211,91.2249984741211,46238.0
2022-01-26 11:52:00-05:00,91.19499969482422,91.19499969482422,91.19499969482422,91.19499969482422,91.19499969482422,56511.0
2022-01-26 11:57:00-05:00,91.2249984741211,91.23999786376953,91.2249984741211,91.23500061035156,91.23500061035156,29451.0
2022-01-26 12:02:00-05:00,91.23500061035156,91.23999786376953,91.20999908447266,91.21499633789062,91.21499633789062,39412.0
2022-01-26 12:03:00-05:00,91.22000122070312,91.22000122070312,91.19999694824219,91.20999908447266,91.20999908447266,8971.0
2022-01-26 12:07:00-05:00,91.21499633789062,91.22000122070312,91.21499633789062,91.21499633789062,91.21499633789062,29578.0
2022-01-26 12:12:00-05:00,91.25,91.26000213623047,91.24500274658203,91.25499725341797,91.25499725341797,130074.0
2022-01-26 12:13:00-05:00,91.25499725341797,91.29000091552734,91.25499725341797,91.29000091552734,91.29000091552734,37704.0
2022-01-26 12:17:00-05:00,91.28500366210938,91.30000305175781,91.28500366210938,91.30000305175781,91.30000305175781,177083.0
2022-01-26 12:18:00-05:00,91.29499816894531,91.33000183105469,91.29070281982422,91.33000183105469,91.33000183105469,9845.0
2022-01-26 12:22:00-05:00,91.29000091552734,91.29499816894531,91.29000091552734,91.29499816894531,91.29499816894531,68854.0
2022-01-26 12:27:00-05:00,91.29000091552734,91.29499816894531,91.28500366210938,91.29499816894531,91.29499816894531,42613.0
2022-01-26 12:28:00-05:00,91.29000091552734,91.30500030517578,91.29000091552734,91.29000091552734,91.29000091552734,5530.0
2022-01-26 12:32:00-05:00,91.25,91.25,91.23999786376953,91.23999786376953,91.23999786376953,27585.0
2022-01-26 12:37:00-05:00,91.24500274658203,91.24500274658203,91.24500274658203,91.24500274658203,91.24500274658203,20713.0
2022-01-26 12:42:00-05:00,91.2249984741211,91.23500061035156,91.2249984741211,91.23500061035156,91.23500061035156,39570.0
2022-01-26 12:47:00-05:00,91.19000244140625,91.19499969482422,91.19000244140625,91.19499969482422,91.19499969482422,51041.0
2022-01-26 12:48:00-05:00,91.19499969482422,91.19499969482422,91.19000244140625,91.19499969482422,91.19499969482422,1784.0
2022-01-26 12:52:00-05:00,91.20999908447266,91.20999908447266,91.19969940185547,91.19969940185547,91.19969940185547,16661.0
2022-01-26 12:57:00-05:00,91.19000244140625,91.19000244140625,91.16999816894531,91.17500305175781,91.17500305175781,31668.0
2022-01-26 13:03:00-05:00,91.15499877929688,91.19000244140625,91.1500015258789,91.18499755859375,91.18499755859375,157008.0
2022-01-26 13:07:00-05:00,91.23999786376953,91.25,91.22000122070312,91.25,91.25,38505.0
2022-01-26 13:08:00-05:00,91.26000213623047,91.2699966430664,91.24500274658203,91.24500274658203,91.24500274658203,10909.0
2022-01-26 13:09:00-05:00,91.24500274658203,91.24500274658203,91.24500274658203,91.24500274658203,91.24500274658203,600.0
2022-01-26 13:12:00-05:00,91.26499938964844,91.26499938964844,91.26000213623047,91.26000213623047,91.26000213623047,44878.0
2022-01-26 13:17:00-05:00,91.25,91.25,91.23999786376953,91.23999786376953,91.23999786376953,162954.0
2022-01-26 13:22:00-05:00,91.2300033569336,91.2300033569336,91.21900177001953,91.21900177001953,91.21900177001953,191735.0
2022-01-26 13:23:00-05:00,91.20999908447266,91.21499633789062,91.19999694824219,91.20500183105469,91.20500183105469,153111.0
2022-01-26 13:27:00-05:00,91.23999786376953,91.24500274658203,91.23999786376953,91.24500274658203,91.24500274658203,18831.0
2022-01-26 13:28:00-05:00,91.24500274658203,91.24500274658203,91.22000122070312,91.22000122070312,91.22000122070312,2676.0
2022-01-26 13:32:00-05:00,91.20999908447266,91.23999786376953,91.20999908447266,91.23999786376953,91.23999786376953,193809.0
2022-01-26 13:33:00-05:00,91.2300033569336,91.23500061035156,91.22789764404297,91.23500061035156,91.23500061035156,3249.0
2022-01-26 13:34:00-05:00,91.2300033569336,91.2300033569336,91.19999694824219,91.20999908447266,91.20999908447266,10211.0
2022-01-26 13:47:00-05:00,91.23999786376953,91.23999786376953,91.2300033569336,91.2300033569336,91.2300033569336,134616.0
2022-01-26 13:52:00-05:00,91.20500183105469,91.22000122070312,91.20500183105469,91.22000122070312,91.22000122070312,13765.0
2022-01-26 13:57:00-05:00,91.25,91.26000213623047,91.24500274658203,91.25499725341797,91.25499725341797,386359.0
2022-01-26 14:07:00-05:00,91.24500274658203,91.24500274658203,91.24500274658203,91.24500274658203,91.24500274658203,364861.0
2022-01-26 14:12:00-05:00,91.17500305175781,91.18499755859375,91.16000366210938,91.18499755859375,91.18499755859375,66340.0
2022-01-26 14:17:00-05:00,91.15499877929688,91.16000366210938,91.1500015258789,91.16000366210938,91.16000366210938,94531.0
2022-01-26 14:22:00-05:00,91.19000244140625,91.19000244140625,91.18499755859375,91.18499755859375,91.18499755859375,50162.0
2022-01-26 14:27:00-05:00,91.21499633789062,91.2300033569336,91.21499633789062,91.2249984741211,91.2249984741211,40430.0
2022-01-26 14:32:00-05:00,91.19999694824219,91.20999908447266,91.19999694824219,91.20140075683594,91.20140075683594,56383.0
2022-01-26 14:37:00-05:00,91.19999694824219,91.19999694824219,91.19000244140625,91.19000244140625,91.19000244140625,113950.0
2022-01-26 14:42:00-05:00,91.16999816894531,91.18000030517578,91.15499877929688,91.15499877929688,91.15499877929688,133904.0
2022-01-26 14:52:00-05:00,91.1500015258789,91.16500091552734,91.12999725341797,91.12999725341797,91.12999725341797,287153.0
2022-01-26 15:02:00-05:00,91.16500091552734,91.16500091552734,91.16500091552734,91.16500091552734,91.16500091552734,133629.0
2022-01-26 15:22:00-05:00,91.01000213623047,91.01499938964844,91.00499725341797,91.01499938964844,91.01499938964844,555895.0
2022-01-26 15:32:00-05:00,91.11000061035156,91.11000061035156,91.11000061035156,91.11000061035156,91.11000061035156,358428.0
2022-01-26 15:42:00-05:00,91.09500122070312,91.0999984741211,91.06999969482422,91.06999969482422,91.06999969482422,244074.0
2022-01-26 15:43:00-05:00,91.05999755859375,91.05999755859375,91.05000305175781,91.05999755859375,91.05999755859375,3196.0
2022-01-26 15:52:00-05:00,90.97000122070312,90.9800033569336,90.97000122070312,90.97000122070312,90.97000122070312,464285.0
2022-01-26 15:57:00-05:00,91.05999755859375,91.06999969482422,91.05999755859375,91.06999969482422,91.06999969482422,526732.0
2022-01-31 14:09:15-05:00,91.19499969482422,91.19499969482422,91.19499969482422,91.19499969482422,91.19499969482422,0.0
2022-01-27 09:30:00-05:00,91.0999984741211,91.25,91.0999984741211,91.22000122070312,91.22000122070312,127593.0
2022-01-27 09:31:00-05:00,91.18000030517578,91.25,91.18000030517578,91.25,91.25,21017.0
2022-01-27 09:32:00-05:00,91.2699966430664,91.3499984741211,91.25,91.28500366210938,91.28500366210938,31798.0
2022-01-27 09:33:00-05:00,91.30000305175781,91.37000274658203,91.29000091552734,91.30000305175781,91.30000305175781,29723.0
2022-01-27 09:34:00-05:00,91.2699966430664,91.29000091552734,91.26000213623047,91.2699966430664,91.2699966430664,13246.0
2022-01-27 09:35:00-05:00,91.21499633789062,91.21499633789062,91.18000030517578,91.18499755859375,91.18499755859375,37125.0
2022-01-27 09:36:00-05:00,91.18000030517578,91.20999908447266,91.18000030517578,91.20999908447266,91.20999908447266,14259.0
2022-01-27 09:37:00-05:00,91.25,91.25,91.19999694824219,91.19999694824219,91.19999694824219,15958.0
2022-01-27 09:38:00-05:00,91.19999694824219,91.24500274658203,91.19999694824219,91.23500061035156,91.23500061035156,10749.0
2022-01-27 09:39:00-05:00,91.30500030517578,91.30500030517578,91.2699966430664,91.2699966430664,91.2699966430664,22803.0
2022-01-27 09:40:00-05:00,91.2699966430664,91.30999755859375,91.2699966430664,91.29000091552734,91.29000091552734,24324.0
2022-01-27 09:41:00-05:00,91.26000213623047,91.30000305175781,91.25,91.25,91.25,22703.0
2022-01-27 09:42:00-05:00,91.24500274658203,91.29000091552734,91.24500274658203,91.2750015258789,91.2750015258789,8704.0
2022-01-27 09:43:00-05:00,91.2750015258789,91.31500244140625,91.2750015258789,91.31500244140625,91.31500244140625,28230.0
2022-01-27 09:44:00-05:00,91.31500244140625,91.3499984741211,91.31500244140625,91.3499984741211,91.3499984741211,8946.0
2022-01-27 09:45:00-05:00,91.3499984741211,91.36499786376953,91.3499984741211,91.36499786376953,91.36499786376953,25283.0
2022-01-27 09:46:00-05:00,91.36000061035156,91.4000015258789,91.36000061035156,91.37999725341797,91.37999725341797,26897.0
2022-01-27 09:47:00-05:00,91.38999938964844,91.38999938964844,91.30999755859375,91.33999633789062,91.33999633789062,21193.0
2022-01-27 09:48:00-05:00,91.33999633789062,91.36499786376953,91.33999633789062,91.36000061035156,91.36000061035156,3239.0
2022-01-27 09:49:00-05:00,91.375,91.375,91.375,91.375,91.375,13101.0
2022-01-27 09:50:00-05:00,91.375,91.45999908447266,91.375,91.41999816894531,91.41999816894531,32808.0
2022-01-27 09:51:00-05:00,91.41000366210938,91.41999816894531,91.4000015258789,91.40499877929688,91.40499877929688,5927.0
2022-01-27 09:52:00-05:00,91.40499877929688,91.43000030517578,91.38500213623047,91.38500213623047,91.38500213623047,54523.0
2022-01-27 09:53:00-05:00,91.33999633789062,91.35600280761719,91.31999969482422,91.3550033569336,91.3550033569336,17729.0
2022-01-27 09:54:00-05:00,91.3499984741211,91.37000274658203,91.3499984741211,91.3550033569336,91.3550033569336,24727.0
2022-01-27 09:55:00-05:00,91.36000061035156,91.3949966430664,91.33000183105469,91.3949966430664,91.3949966430664,25044.0
2022-01-27 09:56:00-05:00,91.3949966430664,91.4000015258789,91.37999725341797,91.37999725341797,91.37999725341797,23454.0
2022-01-27 09:57:00-05:00,91.375,91.375,91.3550033569336,91.3550033569336,91.3550033569336,8410.0
2022-01-27 09:58:00-05:00,91.36000061035156,91.375,91.36000061035156,91.36000061035156,91.36000061035156,5512.0
2022-01-27 09:59:00-05:00,91.37999725341797,91.38999938964844,91.36000061035156,91.38999938964844,91.38999938964844,6349.0
2022-01-27 10:00:00-05:00,91.37999725341797,91.37999725341797,91.37000274658203,91.37999725341797,91.37999725341797,32104.0
2022-01-27 10:01:00-05:00,91.4000015258789,91.41999816894531,91.4000015258789,91.4000015258789,91.4000015258789,11107.0
2022-01-27 10:02:00-05:00,91.3949966430664,91.41999816894531,91.38999938964844,91.41999816894531,91.41999816894531,5183.0
2022-01-27 10:03:00-05:00,91.41999816894531,91.44000244140625,91.41500091552734,91.43000030517578,91.43000030517578,8558.0
2022-01-27 10:04:00-05:00,91.43000030517578,91.44000244140625,91.38999938964844,91.38999938964844,91.38999938964844,34214.0
2022-01-27 10:05:00-05:00,91.38500213623047,91.40499877929688,91.375,91.3949966430664,91.3949966430664,39320.0
2022-01-27 10:06:00-05:00,91.38999938964844,91.38999938964844,91.36000061035156,91.36000061035156,91.36000061035156,11996.0
2022-01-27 10:07:00-05:00,91.37000274658203,91.38500213623047,91.3499984741211,91.36000061035156,91.36000061035156,19795.0
2022-01-27 10:08:00-05:00,91.3499984741211,91.36599731445312,91.32499694824219,91.33499908447266,91.33499908447266,10097.0
2022-01-27 10:09:00-05:00,91.33999633789062,91.35600280761719,91.33499908447266,91.35600280761719,91.35600280761719,10695.0
2022-01-27 10:10:00-05:00,91.33999633789062,91.35590362548828,91.33000183105469,91.33999633789062,91.33999633789062,8260.0
2022-01-27 10:11:00-05:00,91.33999633789062,91.3499984741211,91.33000183105469,91.33989715576172,91.33989715576172,10950.0
2022-01-27 10:12:00-05:00,91.33999633789062,91.34500122070312,91.29499816894531,91.29499816894531,91.29499816894531,17120.0
2022-01-27 10:13:00-05:00,91.29000091552734,91.32990264892578,91.27999877929688,91.30000305175781,91.30000305175781,11582.0
2022-01-27 10:14:00-05:00,91.29000091552734,91.30999755859375,91.29000091552734,91.30000305175781,91.30000305175781,5175.0
2022-01-27 10:15:00-05:00,91.30500030517578,91.30999755859375,91.29000091552734,91.29499816894531,91.29499816894531,6088.0
2022-01-27 10:16:00-05:00,91.29000091552734,91.29000091552734,91.25,91.25499725341797,91.25499725341797,10220.0
2022-01-27 10:17:00-05:00,91.25499725341797,91.26499938964844,91.23999786376953,91.25499725341797,91.25499725341797,15744.0
2022-01-27 10:18:00-05:00,91.25,91.25499725341797,91.20999908447266,91.21499633789062,91.21499633789062,72056.0
2022-01-27 10:19:00-05:00,91.22000122070312,91.2300033569336,91.19999694824219,91.2249984741211,91.2249984741211,22233.0
2022-01-27 10:20:00-05:00,91.2300033569336,91.25,91.22000122070312,91.22000122070312,91.22000122070312,14047.0
2022-01-27 10:21:00-05:00,91.2249984741211,91.2249984741211,91.20500183105469,91.21499633789062,91.21499633789062,6779.0
2022-01-27 10:22:00-05:00,91.21499633789062,91.22000122070312,91.20500183105469,91.21499633789062,91.21499633789062,5761.0
2022-01-27 10:23:00-05:00,91.21499633789062,91.23999786376953,91.18379974365234,91.2300033569336,91.2300033569336,16881.0
2022-01-27 10:24:00-05:00,91.2300033569336,91.2300033569336,91.19999694824219,91.20500183105469,91.20500183105469,5517.0
2022-01-27 10:25:00-05:00,91.20999908447266,91.23999786376953,91.19999694824219,91.20500183105469,91.20500183105469,13266.0
2022-01-27 10:26:00-05:00,91.20999908447266,91.25,91.20500183105469,91.23500061035156,91.23500061035156,10103.0
2022-01-27 10:27:00-05:00,91.23500061035156,91.23999786376953,91.21499633789062,91.21499633789062,91.21499633789062,7697.0
2022-01-27 10:28:00-05:00,91.2300033569336,91.25,91.22000122070312,91.23999786376953,91.23999786376953,13875.0
2022-01-27 10:29:00-05:00,91.23999786376953,91.25,91.20999908447266,91.20999908447266,91.20999908447266,12801.0
2022-01-27 10:30:00-05:00,91.21499633789062,91.23999786376953,91.21499633789062,91.23500061035156,91.23500061035156,6317.0
2022-01-27 10:31:00-05:00,91.2300033569336,91.23999786376953,91.20999908447266,91.20999908447266,91.20999908447266,8072.0
2022-01-27 10:32:00-05:00,91.22000122070312,91.23999786376953,91.20999908447266,91.2249984741211,91.2249984741211,7327.0
2022-01-27 10:33:00-05:00,91.2300033569336,91.23999786376953,91.20999908447266,91.22000122070312,91.22000122070312,9114.0
2022-01-27 10:34:00-05:00,91.22000122070312,91.23999786376953,91.22000122070312,91.2300033569336,91.2300033569336,12712.0
2022-01-27 10:35:00-05:00,91.22000122070312,91.2300033569336,91.19999694824219,91.2249984741211,91.2249984741211,29547.0
2022-01-27 10:36:00-05:00,91.2249984741211,91.25,91.2249984741211,91.23999786376953,91.23999786376953,16408.0
2022-01-27 10:37:00-05:00,91.24500274658203,91.2699966430664,91.24500274658203,91.2699966430664,91.2699966430664,5510.0
2022-01-27 10:38:00-05:00,91.2699966430664,91.27999877929688,91.2699966430664,91.27999877929688,91.27999877929688,2619.0
2022-01-27 10:39:00-05:00,91.27999877929688,91.27999877929688,91.26000213623047,91.27999877929688,91.27999877929688,10434.0
2022-01-27 10:40:00-05:00,91.2699966430664,91.27999877929688,91.26000213623047,91.27999877929688,91.27999877929688,7228.0
2022-01-27 10:41:00-05:00,91.27999877929688,91.27999877929688,91.27999877929688,91.27999877929688,91.27999877929688,846.0
2022-01-27 10:42:00-05:00,91.27999877929688,91.31500244140625,91.27999877929688,91.31500244140625,91.31500244140625,23294.0
2022-01-27 10:43:00-05:00,91.31999969482422,91.31999969482422,91.29000091552734,91.29000091552734,91.29000091552734,8928.0
2022-01-27 10:44:00-05:00,91.29499816894531,91.33999633789062,91.29000091552734,91.33999633789062,91.33999633789062,8339.0
2022-01-27 10:45:00-05:00,91.33999633789062,91.3499984741211,91.33000183105469,91.34500122070312,91.34500122070312,6037.0
2022-01-27 10:46:00-05:00,91.3499984741211,91.3499984741211,91.29499816894531,91.30500030517578,91.30500030517578,9793.0
2022-01-27 10:47:00-05:00,91.30999755859375,91.3499984741211,91.30999755859375,91.33999633789062,91.33999633789062,13618.0
2022-01-27 10:48:00-05:00,91.33999633789062,91.3949966430664,91.33000183105469,91.3949966430664,91.3949966430664,67228.0
2022-01-27 10:49:00-05:00,91.4000015258789,91.41000366210938,91.37000274658203,91.40499877929688,91.40499877929688,27767.0
2022-01-27 10:50:00-05:00,91.4000015258789,91.43000030517578,91.3949966430664,91.41000366210938,91.41000366210938,20395.0
2022-01-27 10:51:00-05:00,91.41999816894531,91.41999816894531,91.3550033569336,91.3550033569336,91.3550033569336,70230.0
2022-01-27 10:52:00-05:00,91.3499984741211,91.4000015258789,91.33300018310547,91.37999725341797,91.37999725341797,119885.0
2022-01-27 10:53:00-05:00,91.37000274658203,91.41999816894531,91.36000061035156,91.40499877929688,91.40499877929688,30345.0
2022-01-27 10:54:00-05:00,91.40499877929688,91.41999816894531,91.37999725341797,91.38999938964844,91.38999938964844,12559.0
2022-01-27 10:55:00-05:00,91.38999938964844,91.41000366210938,91.38279724121094,91.38500213623047,91.38500213623047,7447.0
2022-01-27 10:56:00-05:00,91.38999938964844,91.41999816894531,91.38999938964844,91.41500091552734,91.41500091552734,8279.0
2022-01-27 10:57:00-05:00,91.41999816894531,91.41999816894531,91.3949966430664,91.4000015258789,91.4000015258789,9268.0
2022-01-27 10:58:00-05:00,91.3949966430664,91.41999816894531,91.3949966430664,91.41999816894531,91.41999816894531,19541.0
2022-01-27 10:59:00-05:00,91.41500091552734,91.41999816894531,91.40499877929688,91.40499877929688,91.40499877929688,9636.0
2022-01-27 11:00:00-05:00,91.41000366210938,91.41999816894531,91.40499877929688,91.41500091552734,91.41500091552734,25617.0
2022-01-27 11:01:00-05:00,91.41500091552734,91.42500305175781,91.41500091552734,91.41500091552734,91.41500091552734,10085.0
2022-01-27 11:02:00-05:00,91.41000366210938,91.47000122070312,91.41000366210938,91.44999694824219,91.44999694824219,24675.0
2022-01-27 11:03:00-05:00,91.44999694824219,91.47000122070312,91.44999694824219,91.45500183105469,91.45500183105469,3745.0
2022-01-27 11:04:00-05:00,91.45500183105469,91.45999908447266,91.41000366210938,91.41000366210938,91.41000366210938,5321.0
2022-01-27 11:05:00-05:00,91.41500091552734,91.42500305175781,91.4000015258789,91.42500305175781,91.42500305175781,9695.0
2022-01-27 11:06:00-05:00,91.41999816894531,91.43499755859375,91.41999816894531,91.43499755859375,91.43499755859375,3871.0
2022-01-27 11:07:00-05:00,91.43000030517578,91.43000030517578,91.37000274658203,91.38999938964844,91.38999938964844,40787.0
2022-01-27 11:08:00-05:00,91.37999725341797,91.38999938964844,91.37999725341797,91.37999725341797,91.37999725341797,2498.0
2022-01-27 11:09:00-05:00,91.37999725341797,91.41000366210938,91.37999725341797,91.3949966430664,91.3949966430664,10492.0
2022-01-27 11:10:00-05:00,91.4000015258789,91.43000030517578,91.4000015258789,91.43000030517578,91.43000030517578,3321.0
2022-01-27 11:11:00-05:00,91.43000030517578,91.43499755859375,91.41000366210938,91.41500091552734,91.41500091552734,7636.0
2022-01-27 11:12:00-05:00,91.41999816894531,91.43000030517578,91.41999816894531,91.41999816894531,91.41999816894531,11605.0
2022-01-27 11:13:00-05:00,91.43000030517578,91.44000244140625,91.41000366210938,91.43499755859375,91.43499755859375,14240.0
2022-01-27 11:14:00-05:00,91.44000244140625,91.44999694824219,91.44000244140625,91.44999694824219,91.44999694824219,15088.0
2022-01-27 11:15:00-05:00,91.44499969482422,91.44499969482422,91.41999816894531,91.41999816894531,91.41999816894531,11437.0
2022-01-27 11:16:00-05:00,91.43000030517578,91.4800033569336,91.41999816894531,91.44000244140625,91.44000244140625,25743.0
2022-01-27 11:17:00-05:00,91.44000244140625,91.45500183105469,91.43499755859375,91.43499755859375,91.43499755859375,3335.0
2022-01-27 11:18:00-05:00,91.43000030517578,91.48999786376953,91.42500305175781,91.48999786376953,91.48999786376953,12585.0
2022-01-27 11:19:00-05:00,91.48999786376953,91.51000213623047,91.4749984741211,91.4749984741211,91.4749984741211,33199.0
2022-01-27 11:20:00-05:00,91.4749984741211,91.4800033569336,91.47000122070312,91.4800033569336,91.4800033569336,7273.0
2022-01-27 11:21:00-05:00,91.48999786376953,91.51000213623047,91.48999786376953,91.49500274658203,91.49500274658203,13607.0
2022-01-27 11:22:00-05:00,91.49500274658203,91.5,91.4800033569336,91.4800033569336,91.4800033569336,7350.0
2022-01-27 11:23:00-05:00,91.4800033569336,91.48999786376953,91.46499633789062,91.47000122070312,91.47000122070312,10040.0
2022-01-27 11:24:00-05:00,91.46499633789062,91.4800033569336,91.45999908447266,91.47000122070312,91.47000122070312,7574.0
2022-01-27 11:25:00-05:00,91.4800033569336,91.4800033569336,91.45999908447266,91.46499633789062,91.46499633789062,14592.0
2022-01-27 11:26:00-05:00,91.46499633789062,91.47000122070312,91.44999694824219,91.45999908447266,91.45999908447266,26697.0
2022-01-27 11:27:00-05:00,91.44999694824219,91.47000122070312,91.44999694824219,91.47000122070312,91.47000122070312,15300.0
2022-01-27 11:28:00-05:00,91.47000122070312,91.47000122070312,91.46499633789062,91.47000122070312,91.47000122070312,3639.0
2022-01-27 11:29:00-05:00,91.46499633789062,91.46499633789062,91.45999908447266,91.46499633789062,91.46499633789062,16979.0
2022-01-27 11:30:00-05:00,91.47000122070312,91.49500274658203,91.45999908447266,91.49500274658203,91.49500274658203,11077.0
2022-01-27 11:31:00-05:00,91.48999786376953,91.48999786376953,91.45999908447266,91.46499633789062,91.46499633789062,5805.0
2022-01-27 11:32:00-05:00,91.47000122070312,91.47000122070312,91.46499633789062,91.47000122070312,91.47000122070312,4034.0
2022-01-27 11:33:00-05:00,91.4800033569336,91.48999786376953,91.47000122070312,91.4749984741211,91.4749984741211,19326.0
2022-01-27 11:34:00-05:00,91.47000122070312,91.4800033569336,91.45999908447266,91.4800033569336,91.4800033569336,11686.0
2022-01-27 11:35:00-05:00,91.4749984741211,91.50499725341797,91.4749984741211,91.4800033569336,91.4800033569336,16375.0
2022-01-27 11:36:00-05:00,91.48999786376953,91.5,91.48500061035156,91.5,91.5,9764.0
2022-01-27 11:37:00-05:00,91.4800033569336,91.48999786376953,91.4800033569336,91.48999786376953,91.48999786376953,7100.0
2022-01-27 11:38:00-05:00,91.49500274658203,91.5,91.4800033569336,91.48999786376953,91.48999786376953,7749.0
2022-01-27 11:39:00-05:00,91.48999786376953,91.48999786376953,91.46499633789062,91.46499633789062,91.46499633789062,6541.0
2022-01-27 11:40:00-05:00,91.47000122070312,91.49500274658203,91.47000122070312,91.49500274658203,91.49500274658203,6897.0
2022-01-27 11:41:00-05:00,91.49500274658203,91.5,91.47000122070312,91.4800033569336,91.4800033569336,5422.0
2022-01-27 11:42:00-05:00,91.47000122070312,91.4749984741211,91.45999908447266,91.45999908447266,91.45999908447266,8551.0
2022-01-27 11:43:00-05:00,91.47000122070312,91.4800033569336,91.46499633789062,91.4800033569336,91.4800033569336,11492.0
2022-01-27 11:44:00-05:00,91.4800033569336,91.4800033569336,91.47000122070312,91.4800033569336,91.4800033569336,3530.0
2022-01-27 11:45:00-05:00,91.48999786376953,91.51000213623047,91.48999786376953,91.5,91.5,12459.0
2022-01-27 11:46:00-05:00,91.5,91.5,91.47000122070312,91.4800033569336,91.4800033569336,3504.0
2022-01-27 11:47:00-05:00,91.4749984741211,91.4800033569336,91.47149658203125,91.4800033569336,91.4800033569336,4895.0
2022-01-27 11:48:00-05:00,91.48999786376953,91.51499938964844,91.48999786376953,91.51499938964844,91.51499938964844,3967.0
2022-01-27 11:49:00-05:00,91.52999877929688,91.56500244140625,91.5199966430664,91.5250015258789,91.5250015258789,13897.0
2022-01-27 11:50:00-05:00,91.5199966430664,91.54000091552734,91.51499938964844,91.54000091552734,91.54000091552734,7735.0
2022-01-27 11:51:00-05:00,91.54000091552734,91.55000305175781,91.51000213623047,91.5199966430664,91.5199966430664,5006.0
2022-01-27 11:52:00-05:00,91.52999877929688,91.56999969482422,91.52059936523438,91.54000091552734,91.54000091552734,7074.0
2022-01-27 11:53:00-05:00,91.52999877929688,91.54000091552734,91.52059936523438,91.52999877929688,91.52999877929688,3874.0
2022-01-27 11:54:00-05:00,91.52999877929688,91.54000091552734,91.5199966430664,91.54000091552734,91.54000091552734,3832.0
2022-01-27 11:55:00-05:00,91.55000305175781,91.55999755859375,91.53500366210938,91.55000305175781,91.55000305175781,9262.0
2022-01-27 11:56:00-05:00,91.55000305175781,91.55999755859375,91.52999877929688,91.53630065917969,91.53630065917969,8988.0
2022-01-27 11:57:00-05:00,91.54000091552734,91.54000091552734,91.52999877929688,91.54000091552734,91.54000091552734,4857.0
2022-01-27 11:58:00-05:00,91.54499816894531,91.58000183105469,91.54499816894531,91.57499694824219,91.57499694824219,6097.0
2022-01-27 11:59:00-05:00,91.56999969482422,91.56999969482422,91.56999969482422,91.56999969482422,91.56999969482422,3056.0
2022-01-27 12:00:00-05:00,91.56999969482422,91.56999969482422,91.55999755859375,91.56500244140625,91.56500244140625,5424.0
2022-01-27 12:01:00-05:00,91.55000305175781,91.55999755859375,91.55000305175781,91.55500030517578,91.55500030517578,1168.0
2022-01-27 12:02:00-05:00,91.55999755859375,91.56999969482422,91.55500030517578,91.55999755859375,91.55999755859375,3276.0
2022-01-27 12:03:00-05:00,91.55000305175781,91.55000305175781,91.54000091552734,91.54000091552734,91.54000091552734,2493.0
2022-01-27 12:04:00-05:00,91.54000091552734,91.58000183105469,91.5199966430664,91.56500244140625,91.56500244140625,19918.0
2022-01-27 12:05:00-05:00,91.55999755859375,91.55999755859375,91.5199966430664,91.52999877929688,91.52999877929688,6831.0
2022-01-27 12:06:00-05:00,91.52999877929688,91.54000091552734,91.52999877929688,91.54000091552734,91.54000091552734,692.0
2022-01-27 12:07:00-05:00,91.52999877929688,91.52999877929688,91.51000213623047,91.51000213623047,91.51000213623047,16192.0
2022-01-27 12:08:00-05:00,91.51499938964844,91.55000305175781,91.4800033569336,91.5199966430664,91.5199966430664,47808.0
2022-01-27 12:09:00-05:00,91.5199966430664,91.54000091552734,91.51000213623047,91.52999877929688,91.52999877929688,16653.0
2022-01-27 12:10:00-05:00,91.52999877929688,91.52999877929688,91.51499938964844,91.5250015258789,91.5250015258789,28499.0
2022-01-27 12:11:00-05:00,91.52999877929688,91.52999877929688,91.51499938964844,91.52999877929688,91.52999877929688,5280.0
2022-01-27 12:12:00-05:00,91.52999877929688,91.53500366210938,91.51499938964844,91.53500366210938,91.53500366210938,17038.0
2022-01-27 12:13:00-05:00,91.52999877929688,91.52999877929688,91.52999877929688,91.52999877929688,91.52999877929688,414.0
2022-01-27 12:14:00-05:00,91.53500366210938,91.53500366210938,91.51499938964844,91.52999877929688,91.52999877929688,10996.0
2022-01-27 12:15:00-05:00,91.52999877929688,91.53500366210938,91.51499938964844,91.52999877929688,91.52999877929688,6043.0
2022-01-27 12:16:00-05:00,91.52999877929688,91.52999877929688,91.5199966430664,91.52999877929688,91.52999877929688,2393.0
2022-01-27 12:17:00-05:00,91.5250015258789,91.53500366210938,91.5199966430664,91.52999877929688,91.52999877929688,16260.0
2022-01-27 12:18:00-05:00,91.5199966430664,91.52999877929688,91.5,91.50499725341797,91.50499725341797,23865.0
2022-01-27 12:19:00-05:00,91.50499725341797,91.50499725341797,91.4800033569336,91.48500061035156,91.48500061035156,21587.0
2022-01-27 12:20:00-05:00,91.4800033569336,91.5,91.4749984741211,91.49500274658203,91.49500274658203,6387.0
2022-01-27 12:21:00-05:00,91.49500274658203,91.49500274658203,91.48999786376953,91.49500274658203,91.49500274658203,1074.0
2022-01-27 12:22:00-05:00,91.49500274658203,91.49500274658203,91.48500061035156,91.49500274658203,91.49500274658203,2280.0
2022-01-27 12:23:00-05:00,91.48999786376953,91.48999786376953,91.4800033569336,91.48999786376953,91.48999786376953,2218.0
2022-01-27 12:24:00-05:00,91.4800033569336,91.48999786376953,91.4749984741211,91.48500061035156,91.48500061035156,15475.0
2022-01-27 12:25:00-05:00,91.48500061035156,91.49500274658203,91.4800033569336,91.48999786376953,91.48999786376953,3770.0
2022-01-27 12:26:00-05:00,91.4800033569336,91.51000213623047,91.4800033569336,91.51000213623047,91.51000213623047,2541.0
2022-01-27 12:27:00-05:00,91.51000213623047,91.51000213623047,91.47000122070312,91.4800033569336,91.4800033569336,22841.0
2022-01-27 12:28:00-05:00,91.48500061035156,91.48999786376953,91.4800033569336,91.48500061035156,91.48500061035156,2717.0
2022-01-27 12:29:00-05:00,91.48500061035156,91.49500274658203,91.4800033569336,91.4800033569336,91.4800033569336,11663.0
2022-01-27 12:30:00-05:00,91.48500061035156,91.51000213623047,91.48500061035156,91.51000213623047,91.51000213623047,2112.0
2022-01-27 12:31:00-05:00,91.5,91.5,91.47000122070312,91.4749984741211,91.4749984741211,10998.0
2022-01-27 12:32:00-05:00,91.4800033569336,91.48999786376953,91.4749984741211,91.48999786376953,91.48999786376953,6195.0
2022-01-27 12:33:00-05:00,91.51000213623047,91.51000213623047,91.5,91.50499725341797,91.50499725341797,1537.0
2022-01-27 12:34:00-05:00,91.51000213623047,91.51000213623047,91.48999786376953,91.48999786376953,91.48999786376953,2308.0
2022-01-27 12:35:00-05:00,91.48999786376953,91.48999786376953,91.45999908447266,91.47000122070312,91.47000122070312,4416.0
2022-01-27 12:36:00-05:00,91.47000122070312,91.48999786376953,91.47000122070312,91.4800033569336,91.4800033569336,4581.0
2022-01-27 12:37:00-05:00,91.48500061035156,91.48999786376953,91.4800033569336,91.48999786376953,91.48999786376953,3096.0
2022-01-27 12:38:00-05:00,91.5,91.51000213623047,91.47000122070312,91.48999786376953,91.48999786376953,18521.0
2022-01-27 12:39:00-05:00,91.48999786376953,91.5199966430664,91.48999786376953,91.5199966430664,91.5199966430664,20377.0
2022-01-27 12:40:00-05:00,91.5250015258789,91.5250015258789,91.5250015258789,91.5250015258789,91.5250015258789,606.0
2022-01-27 12:41:00-05:00,91.5199966430664,91.52999877929688,91.5199966430664,91.52999877929688,91.52999877929688,586.0
2022-01-27 12:42:00-05:00,91.5199966430664,91.54000091552734,91.5199966430664,91.52999877929688,91.52999877929688,6328.0
2022-01-27 12:43:00-05:00,91.5199966430664,91.54000091552734,91.51499938964844,91.5199966430664,91.5199966430664,3063.0
2022-01-27 12:44:00-05:00,91.5199966430664,91.54000091552734,91.51499938964844,91.52999877929688,91.52999877929688,4204.0
2022-01-27 12:45:00-05:00,91.5199966430664,91.5250015258789,91.49500274658203,91.51000213623047,91.51000213623047,15298.0
2022-01-27 12:46:00-05:00,91.50499725341797,91.5199966430664,91.48999786376953,91.51499938964844,91.51499938964844,32649.0
2022-01-27 12:47:00-05:00,91.51000213623047,91.5199966430664,91.48999786376953,91.5,91.5,7174.0
2022-01-27 12:48:00-05:00,91.5,91.50499725341797,91.47000122070312,91.48500061035156,91.48500061035156,13129.0
2022-01-27 12:49:00-05:00,91.48999786376953,91.5,91.4800033569336,91.5,91.5,6619.0
2022-01-27 12:50:00-05:00,91.51000213623047,91.54000091552734,91.51000213623047,91.54000091552734,91.54000091552734,5515.0
2022-01-27 12:51:00-05:00,91.52999877929688,91.53500366210938,91.5199966430664,91.53500366210938,91.53500366210938,2249.0
2022-01-27 12:52:00-05:00,91.54000091552734,91.55000305175781,91.53500366210938,91.54000091552734,91.54000091552734,2152.0
2022-01-27 12:53:00-05:00,91.52999877929688,91.54000091552734,91.51499938964844,91.52999877929688,91.52999877929688,4621.0
2022-01-27 12:54:00-05:00,91.54000091552734,91.54000091552734,91.5199966430664,91.5199966430664,91.5199966430664,761.0
2022-01-27 12:55:00-05:00,91.54000091552734,91.55500030517578,91.52999877929688,91.52999877929688,91.52999877929688,6293.0
2022-01-27 12:56:00-05:00,91.54000091552734,91.55500030517578,91.54000091552734,91.55000305175781,91.55000305175781,3686.0
2022-01-27 12:57:00-05:00,91.52999877929688,91.52999877929688,91.5199966430664,91.52999877929688,91.52999877929688,2911.0
2022-01-27 12:58:00-05:00,91.52999877929688,91.52999877929688,91.51000213623047,91.51499938964844,91.51499938964844,6136.0
2022-01-27 12:59:00-05:00,91.51499938964844,91.52999877929688,91.51000213623047,91.5199966430664,91.5199966430664,4794.0
2022-01-27 13:00:00-05:00,91.5199966430664,91.52999877929688,91.51499938964844,91.5199966430664,91.5199966430664,7608.0
2022-01-27 13:01:00-05:00,91.52999877929688,91.52999877929688,91.52999877929688,91.52999877929688,91.52999877929688,358.0
2022-01-27 13:02:00-05:00,91.54000091552734,91.54000091552734,91.4800033569336,91.48999786376953,91.48999786376953,5883.0
2022-01-27 13:03:00-05:00,91.5,91.5,91.45999908447266,91.46499633789062,91.46499633789062,18480.0
2022-01-27 13:04:00-05:00,91.46499633789062,91.47000122070312,91.45999908447266,91.45999908447266,91.45999908447266,3380.0
2022-01-27 13:05:00-05:00,91.46499633789062,91.46499633789062,91.44000244140625,91.44999694824219,91.44999694824219,7477.0
2022-01-27 13:06:00-05:00,91.44999694824219,91.44999694824219,91.4000015258789,91.41000366210938,91.41000366210938,5769.0
2022-01-27 13:07:00-05:00,91.41000366210938,91.41500091552734,91.38999938964844,91.3949966430664,91.3949966430664,7649.0
2022-01-27 13:08:00-05:00,91.3949966430664,91.4000015258789,91.38500213623047,91.38999938964844,91.38999938964844,5482.0
2022-01-27 13:09:00-05:00,91.3949966430664,91.44000244140625,91.38999938964844,91.42500305175781,91.42500305175781,9959.0
2022-01-27 13:10:00-05:00,91.43000030517578,91.43000030517578,91.41999816894531,91.43000030517578,91.43000030517578,3295.0
2022-01-27 13:11:00-05:00,91.43000030517578,91.44000244140625,91.43000030517578,91.43000030517578,91.43000030517578,3841.0
2022-01-27 13:12:00-05:00,91.43000030517578,91.43000030517578,91.41999816894531,91.42500305175781,91.42500305175781,4409.0
2022-01-27 13:13:00-05:00,91.42500305175781,91.44000244140625,91.42500305175781,91.43000030517578,91.43000030517578,9003.0
2022-01-27 13:14:00-05:00,91.42500305175781,91.44000244140625,91.42500305175781,91.43499755859375,91.43499755859375,2722.0
2022-01-27 13:15:00-05:00,91.43499755859375,91.48999786376953,91.43499755859375,91.44999694824219,91.44999694824219,6620.0
2022-01-27 13:16:00-05:00,91.45999908447266,91.4800033569336,91.44499969482422,91.44499969482422,91.44499969482422,4141.0
2022-01-27 13:17:00-05:00,91.44499969482422,91.44499969482422,91.4000015258789,91.4000015258789,91.4000015258789,3672.0
2022-01-27 13:18:00-05:00,91.40499877929688,91.41000366210938,91.37999725341797,91.38999938964844,91.38999938964844,5943.0
2022-01-27 13:19:00-05:00,91.4000015258789,91.44000244140625,91.4000015258789,91.4124984741211,91.4124984741211,10080.0
2022-01-27 13:20:00-05:00,91.41500091552734,91.41999816894531,91.41000366210938,91.41500091552734,91.41500091552734,4087.0
2022-01-27 13:21:00-05:00,91.41500091552734,91.41500091552734,91.33000183105469,91.33999633789062,91.33999633789062,11049.0
2022-01-27 13:22:00-05:00,91.33999633789062,91.33999633789062,91.30000305175781,91.30500030517578,91.30500030517578,3357.0
2022-01-27 13:23:00-05:00,91.30500030517578,91.30999755859375,91.26000213623047,91.26499938964844,91.26499938964844,12723.0
2022-01-27 13:24:00-05:00,91.26000213623047,91.26000213623047,91.25,91.25499725341797,91.25499725341797,15322.0
2022-01-27 13:25:00-05:00,91.25499725341797,91.2699966430664,91.25,91.26000213623047,91.26000213623047,6757.0
2022-01-27 13:26:00-05:00,91.26000213623047,91.29499816894531,91.25499725341797,91.25499725341797,91.25499725341797,14270.0
2022-01-27 13:27:00-05:00,91.25,91.29000091552734,91.24500274658203,91.27999877929688,91.27999877929688,19290.0
2022-01-27 13:28:00-05:00,91.26499938964844,91.27999877929688,91.25499725341797,91.27999877929688,91.27999877929688,3885.0
2022-01-27 13:29:00-05:00,91.27999877929688,91.29000091552734,91.25,91.26000213623047,91.26000213623047,15459.0
2022-01-27 13:30:00-05:00,91.26499938964844,91.30000305175781,91.25,91.25499725341797,91.25499725341797,27549.0
2022-01-27 13:31:00-05:00,91.25499725341797,91.26000213623047,91.24500274658203,91.25499725341797,91.25499725341797,21488.0
2022-01-27 13:32:00-05:00,91.25499725341797,91.26000213623047,91.23999786376953,91.25,91.25,15696.0
2022-01-27 13:33:00-05:00,91.25,91.25,91.19999694824219,91.20500183105469,91.20500183105469,20488.0
2022-01-27 13:34:00-05:00,91.2040023803711,91.20999908447266,91.19000244140625,91.19999694824219,91.19999694824219,13182.0
2022-01-27 13:35:00-05:00,91.19999694824219,91.2300033569336,91.19999694824219,91.22000122070312,91.22000122070312,8798.0
2022-01-27 13:36:00-05:00,91.2300033569336,91.24500274658203,91.19000244140625,91.19999694824219,91.19999694824219,15180.0
2022-01-27 13:37:00-05:00,91.19000244140625,91.19499969482422,91.16999816894531,91.18000030517578,91.18000030517578,9085.0
2022-01-27 13:38:00-05:00,91.18000030517578,91.19000244140625,91.1500015258789,91.16000366210938,91.16000366210938,10505.0
2022-01-27 13:39:00-05:00,91.16000366210938,91.16999816894531,91.1500015258789,91.16999816894531,91.16999816894531,12258.0
2022-01-27 13:40:00-05:00,91.16999816894531,91.19999694824219,91.16999816894531,91.17009735107422,91.17009735107422,5516.0
2022-01-27 13:41:00-05:00,91.18000030517578,91.2300033569336,91.18000030517578,91.2249984741211,91.2249984741211,18009.0
2022-01-27 13:42:00-05:00,91.2300033569336,91.26000213623047,91.2300033569336,91.2300033569336,91.2300033569336,11693.0
2022-01-27 13:43:00-05:00,91.23500061035156,91.23999786376953,91.20999908447266,91.23999786376953,91.23999786376953,5718.0
2022-01-27 13:44:00-05:00,91.25,91.26000213623047,91.2300033569336,91.26000213623047,91.26000213623047,9201.0
2022-01-27 13:45:00-05:00,91.26000213623047,91.26000213623047,91.2300033569336,91.2300033569336,91.2300033569336,3917.0
2022-01-27 13:46:00-05:00,91.23999786376953,91.25,91.22000122070312,91.23500061035156,91.23500061035156,4944.0
2022-01-27 13:47:00-05:00,91.2300033569336,91.25,91.22000122070312,91.25,91.25,5443.0
2022-01-27 13:48:00-05:00,91.26000213623047,91.30000305175781,91.26000213623047,91.30000305175781,91.30000305175781,3974.0
2022-01-27 13:49:00-05:00,91.30000305175781,91.30999755859375,91.29000091552734,91.30500030517578,91.30500030517578,4342.0
2022-01-27 13:50:00-05:00,91.30000305175781,91.33000183105469,91.2699966430664,91.27999877929688,91.27999877929688,8627.0
2022-01-27 13:51:00-05:00,91.2699966430664,91.2699966430664,91.2699966430664,91.2699966430664,91.2699966430664,1224.0
2022-01-27 13:52:00-05:00,91.2699966430664,91.29000091552734,91.26000213623047,91.2699966430664,91.2699966430664,2553.0
2022-01-27 13:53:00-05:00,91.27999877929688,91.30999755859375,91.27999877929688,91.29499816894531,91.29499816894531,5412.0
2022-01-27 13:54:00-05:00,91.28500366210938,91.28500366210938,91.2699966430664,91.27999877929688,91.27999877929688,2438.0
2022-01-27 13:55:00-05:00,91.29000091552734,91.29000091552734,91.2699966430664,91.28500366210938,91.28500366210938,8186.0
2022-01-27 13:56:00-05:00,91.29000091552734,91.30000305175781,91.2699966430664,91.27999877929688,91.27999877929688,5382.0
2022-01-27 13:57:00-05:00,91.29000091552734,91.32240295410156,91.27999877929688,91.30999755859375,91.30999755859375,7801.0
2022-01-27 13:58:00-05:00,91.30999755859375,91.31999969482422,91.29000091552734,91.29000091552734,91.29000091552734,3681.0
2022-01-27 13:59:00-05:00,91.27999877929688,91.30000305175781,91.27999877929688,91.30000305175781,91.30000305175781,2510.0
2022-01-27 14:00:00-05:00,91.30000305175781,91.30999755859375,91.30000305175781,91.30999755859375,91.30999755859375,726.0
2022-01-27 14:01:00-05:00,91.27999877929688,91.29499816894531,91.2699966430664,91.29499816894531,91.29499816894531,11291.0
2022-01-27 14:02:00-05:00,91.29000091552734,91.31500244140625,91.26000213623047,91.2750015258789,91.2750015258789,33488.0
2022-01-27 14:03:00-05:00,91.2699966430664,91.30000305175781,91.26000213623047,91.29000091552734,91.29000091552734,15222.0
2022-01-27 14:04:00-05:00,91.27999877929688,91.27999877929688,91.26349639892578,91.2699966430664,91.2699966430664,2905.0
2022-01-27 14:05:00-05:00,91.27999877929688,91.27999877929688,91.23999786376953,91.2699966430664,91.2699966430664,41849.0
2022-01-27 14:06:00-05:00,91.26499938964844,91.30000305175781,91.26499938964844,91.27999877929688,91.27999877929688,37129.0
2022-01-27 14:07:00-05:00,91.27999877929688,91.29000091552734,91.25,91.2699966430664,91.2699966430664,5921.0
2022-01-27 14:08:00-05:00,91.27999877929688,91.30999755859375,91.27999877929688,91.30000305175781,91.30000305175781,6344.0
2022-01-27 14:10:00-05:00,91.30999755859375,91.31999969482422,91.26000213623047,91.26499938964844,91.26499938964844,9067.0
2022-01-27 14:11:00-05:00,91.2699966430664,91.27999877929688,91.26000213623047,91.2750015258789,91.2750015258789,9909.0
2022-01-27 14:12:00-05:00,91.2750015258789,91.28500366210938,91.26000213623047,91.2750015258789,91.2750015258789,9814.0
2022-01-27 14:13:00-05:00,91.2699966430664,91.27999877929688,91.26499938964844,91.27999877929688,91.27999877929688,24343.0
2022-01-27 14:14:00-05:00,91.27999877929688,91.27999877929688,91.2699966430664,91.2750015258789,91.2750015258789,2459.0
2022-01-27 14:15:00-05:00,91.2699966430664,91.29499816894531,91.25,91.29000091552734,91.29000091552734,145410.0
2022-01-27 14:16:00-05:00,91.29000091552734,91.29000091552734,91.25,91.26000213623047,91.26000213623047,9250.0
2022-01-27 14:17:00-05:00,91.26000213623047,91.29000091552734,91.26000213623047,91.29000091552734,91.29000091552734,3121.0
2022-01-27 14:18:00-05:00,91.27999877929688,91.29000091552734,91.26000213623047,91.2750015258789,91.2750015258789,13972.0
2022-01-27 14:19:00-05:00,91.27999877929688,91.28500366210938,91.26000213623047,91.27999877929688,91.27999877929688,14946.0
2022-01-27 14:20:00-05:00,91.27999877929688,91.29000091552734,91.2699966430664,91.27999877929688,91.27999877929688,12374.0
2022-01-27 14:21:00-05:00,91.27999877929688,91.28500366210938,91.26499938964844,91.28500366210938,91.28500366210938,9368.0
2022-01-27 14:22:00-05:00,91.2699966430664,91.27999877929688,91.26000213623047,91.2699966430664,91.2699966430664,3999.0
2022-01-27 14:23:00-05:00,91.2699966430664,91.2750015258789,91.2699966430664,91.2750015258789,91.2750015258789,1223.0
2022-01-27 14:24:00-05:00,91.27999877929688,91.27999877929688,91.25,91.25499725341797,91.25499725341797,16839.0
2022-01-27 14:25:00-05:00,91.25499725341797,91.26499938964844,91.24500274658203,91.26000213623047,91.26000213623047,16907.0
2022-01-27 14:26:00-05:00,91.26000213623047,91.26000213623047,91.24500274658203,91.26000213623047,91.26000213623047,8327.0
2022-01-27 14:27:00-05:00,91.26000213623047,91.29000091552734,91.26000213623047,91.2699966430664,91.2699966430664,17410.0
2022-01-27 14:28:00-05:00,91.27999877929688,91.28980255126953,91.26499938964844,91.27999877929688,91.27999877929688,26645.0
2022-01-27 14:29:00-05:00,91.27999877929688,91.29000091552734,91.27999877929688,91.27999877929688,91.27999877929688,9034.0
2022-01-27 14:30:00-05:00,91.27999877929688,91.30000305175781,91.2699966430664,91.27999877929688,91.27999877929688,7596.0
2022-01-27 14:31:00-05:00,91.27999877929688,91.28500366210938,91.27999877929688,91.27999877929688,91.27999877929688,3620.0
2022-01-27 14:32:00-05:00,91.27999877929688,91.28500366210938,91.2699966430664,91.2750015258789,91.2750015258789,7642.0
2022-01-27 14:33:00-05:00,91.2699966430664,91.2750015258789,91.26000213623047,91.26000213623047,91.26000213623047,10298.0
2022-01-27 14:34:00-05:00,91.2699966430664,91.2699966430664,91.26000213623047,91.26000213623047,91.26000213623047,3192.0
2022-01-27 14:35:00-05:00,91.2699966430664,91.29000091552734,91.2699966430664,91.2699966430664,91.2699966430664,6238.0
2022-01-27 14:36:00-05:00,91.2699966430664,91.28500366210938,91.26000213623047,91.26000213623047,91.26000213623047,6141.0
2022-01-27 14:37:00-05:00,91.26499938964844,91.26499938964844,91.26499938964844,91.26499938964844,91.26499938964844,713.0
2022-01-27 14:38:00-05:00,91.26000213623047,91.29000091552734,91.25,91.27999877929688,91.27999877929688,13657.0
2022-01-27 14:39:00-05:00,91.27999877929688,91.29000091552734,91.2750015258789,91.29000091552734,91.29000091552734,3902.0
2022-01-27 14:40:00-05:00,91.29000091552734,91.33000183105469,91.29000091552734,91.3010025024414,91.3010025024414,13116.0
2022-01-27 14:41:00-05:00,91.30999755859375,91.31500244140625,91.30500030517578,91.30500030517578,91.30500030517578,1150.0
2022-01-27 14:42:00-05:00,91.30000305175781,91.30999755859375,91.27999877929688,91.29499816894531,91.29499816894531,10256.0
2022-01-27 14:43:00-05:00,91.27999877929688,91.30000305175781,91.27999877929688,91.29000091552734,91.29000091552734,1838.0
2022-01-27 14:44:00-05:00,91.30000305175781,91.3010025024414,91.29000091552734,91.29000091552734,91.29000091552734,4830.0
2022-01-27 14:45:00-05:00,91.29000091552734,91.31999969482422,91.29000091552734,91.31500244140625,91.31500244140625,4640.0
2022-01-27 14:46:00-05:00,91.30999755859375,91.33000183105469,91.30500030517578,91.33000183105469,91.33000183105469,4976.0
2022-01-27 14:47:00-05:00,91.33000183105469,91.33000183105469,91.30999755859375,91.30999755859375,91.30999755859375,3352.0
2022-01-27 14:48:00-05:00,91.30999755859375,91.33000183105469,91.30000305175781,91.31999969482422,91.31999969482422,7192.0
2022-01-27 14:49:00-05:00,91.32499694824219,91.33499908447266,91.32499694824219,91.33000183105469,91.33000183105469,3145.0
2022-01-27 14:50:00-05:00,91.31999969482422,91.31999969482422,91.29000091552734,91.29000091552734,91.29000091552734,4069.0
2022-01-27 14:51:00-05:00,91.27999877929688,91.29000091552734,91.26000213623047,91.29000091552734,91.29000091552734,15316.0
2022-01-27 14:52:00-05:00,91.29000091552734,91.30000305175781,91.2699966430664,91.27999877929688,91.27999877929688,7312.0
2022-01-27 14:53:00-05:00,91.27999877929688,91.29000091552734,91.2699966430664,91.27999877929688,91.27999877929688,13329.0
2022-01-27 14:54:00-05:00,91.27999877929688,91.29000091552734,91.26000213623047,91.26499938964844,91.26499938964844,6778.0
2022-01-27 14:55:00-05:00,91.26000213623047,91.26499938964844,91.22000122070312,91.2249984741211,91.2249984741211,8063.0
2022-01-27 14:56:00-05:00,91.2300033569336,91.25,91.22000122070312,91.24500274658203,91.24500274658203,8239.0
2022-01-27 14:57:00-05:00,91.23999786376953,91.26000213623047,91.23999786376953,91.26000213623047,91.26000213623047,2127.0
2022-01-27 14:58:00-05:00,91.26000213623047,91.30500030517578,91.26000213623047,91.30000305175781,91.30000305175781,123454.0
2022-01-27 14:59:00-05:00,91.30000305175781,91.30000305175781,91.26000213623047,91.27999877929688,91.27999877929688,6980.0
2022-01-27 15:00:00-05:00,91.27999877929688,91.31999969482422,91.27999877929688,91.30000305175781,91.30000305175781,6184.0
2022-01-27 15:01:00-05:00,91.30000305175781,91.30000305175781,91.30000305175781,91.30000305175781,91.30000305175781,2826.0
2022-01-27 15:02:00-05:00,91.30000305175781,91.33999633789062,91.30000305175781,91.33999633789062,91.33999633789062,3492.0
2022-01-27 15:03:00-05:00,91.33999633789062,91.36000061035156,91.33999633789062,91.3550033569336,91.3550033569336,3366.0
2022-01-27 15:04:00-05:00,91.35169982910156,91.36000061035156,91.33000183105469,91.3499984741211,91.3499984741211,3351.0
2022-01-27 15:05:00-05:00,91.33999633789062,91.33999633789062,91.30000305175781,91.31999969482422,91.31999969482422,4172.0
2022-01-27 15:06:00-05:00,91.31999969482422,91.33499908447266,91.30999755859375,91.31999969482422,91.31999969482422,3759.0
2022-01-27 15:07:00-05:00,91.31999969482422,91.32499694824219,91.31999969482422,91.31999969482422,91.31999969482422,1700.0
2022-01-27 15:08:00-05:00,91.33000183105469,91.3499984741211,91.32499694824219,91.3499984741211,91.3499984741211,4146.0
2022-01-27 15:09:00-05:00,91.33999633789062,91.33999633789062,91.27999877929688,91.29000091552734,91.29000091552734,6893.0
2022-01-27 15:10:00-05:00,91.29000091552734,91.30000305175781,91.26000213623047,91.26000213623047,91.26000213623047,7866.0
2022-01-27 15:11:00-05:00,91.26000213623047,91.26000213623047,91.24500274658203,91.24500274658203,91.24500274658203,5943.0
2022-01-27 15:12:00-05:00,91.23999786376953,91.26000213623047,91.23999786376953,91.25,91.25,3562.0
2022-01-27 15:13:00-05:00,91.23999786376953,91.25,91.2249984741211,91.2249984741211,91.2249984741211,12369.0
2022-01-27 15:14:00-05:00,91.2300033569336,91.23999786376953,91.22000122070312,91.2300033569336,91.2300033569336,19231.0
2022-01-27 15:15:00-05:00,91.2300033569336,91.2300033569336,91.19999694824219,91.20999908447266,91.20999908447266,13542.0
2022-01-27 15:16:00-05:00,91.21499633789062,91.23500061035156,91.20999908447266,91.2300033569336,91.2300033569336,17841.0
2022-01-27 15:17:00-05:00,91.22000122070312,91.2300033569336,91.19999694824219,91.20500183105469,91.20500183105469,10888.0
2022-01-27 15:18:00-05:00,91.19999694824219,91.23500061035156,91.19999694824219,91.23500061035156,91.23500061035156,7900.0
2022-01-27 15:19:00-05:00,91.23999786376953,91.27999877929688,91.23999786376953,91.27999877929688,91.27999877929688,15096.0
2022-01-27 15:20:00-05:00,91.29000091552734,91.30000305175781,91.29000091552734,91.29000091552734,91.29000091552734,6494.0
2022-01-27 15:21:00-05:00,91.29000091552734,91.29000091552734,91.25,91.25499725341797,91.25499725341797,6719.0
2022-01-27 15:22:00-05:00,91.25499725341797,91.26000213623047,91.23999786376953,91.25499725341797,91.25499725341797,9451.0
2022-01-27 15:23:00-05:00,91.25499725341797,91.26000213623047,91.25,91.25,91.25,4470.0
2022-01-27 15:24:00-05:00,91.26000213623047,91.27999877929688,91.26000213623047,91.27999877929688,91.27999877929688,4776.0
2022-01-27 15:25:00-05:00,91.2750015258789,91.27999877929688,91.26000213623047,91.2699966430664,91.2699966430664,5267.0
2022-01-27 15:26:00-05:00,91.2699966430664,91.31999969482422,91.26000213623047,91.31500244140625,91.31500244140625,7097.0
2022-01-27 15:27:00-05:00,91.31999969482422,91.40499877929688,91.31999969482422,91.37999725341797,91.37999725341797,6116.0
2022-01-27 15:28:00-05:00,91.37999725341797,91.37999725341797,91.36000061035156,91.36499786376953,91.36499786376953,1993.0
2022-01-27 15:29:00-05:00,91.36000061035156,91.375,91.36000061035156,91.36000061035156,91.36000061035156,10661.0
2022-01-27 15:30:00-05:00,91.36499786376953,91.43000030517578,91.36499786376953,91.41000366210938,91.41000366210938,11203.0
2022-01-27 15:31:00-05:00,91.4000015258789,91.40499877929688,91.37000274658203,91.38999938964844,91.38999938964844,18047.0
2022-01-27 15:32:00-05:00,91.4000015258789,91.41000366210938,91.38999938964844,91.4000015258789,91.4000015258789,3922.0
2022-01-27 15:33:00-05:00,91.41999816894531,91.43000030517578,91.36000061035156,91.37999725341797,91.37999725341797,9585.0
2022-01-27 15:34:00-05:00,91.37999725341797,91.37999725341797,91.3550033569336,91.36000061035156,91.36000061035156,3091.0
2022-01-27 15:35:00-05:00,91.37000274658203,91.37999725341797,91.36000061035156,91.375,91.375,5359.0
2022-01-27 15:36:00-05:00,91.37000274658203,91.37000274658203,91.33000183105469,91.33999633789062,91.33999633789062,1921.0
2022-01-27 15:37:00-05:00,91.33999633789062,91.3499984741211,91.33499908447266,91.33999633789062,91.33999633789062,5856.0
2022-01-27 15:38:00-05:00,91.3499984741211,91.3550033569336,91.31999969482422,91.31999969482422,91.31999969482422,10725.0
2022-01-27 15:39:00-05:00,91.32499694824219,91.33000183105469,91.30999755859375,91.33000183105469,91.33000183105469,9717.0
2022-01-27 15:40:00-05:00,91.33000183105469,91.36000061035156,91.32060241699219,91.36000061035156,91.36000061035156,6890.0
2022-01-27 15:41:00-05:00,91.36499786376953,91.44000244140625,91.36000061035156,91.44000244140625,91.44000244140625,7437.0
2022-01-27 15:42:00-05:00,91.44999694824219,91.4800033569336,91.4489974975586,91.4749984741211,91.4749984741211,7767.0
2022-01-27 15:43:00-05:00,91.47000122070312,91.47000122070312,91.44000244140625,91.45999908447266,91.45999908447266,9387.0
2022-01-27 15:44:00-05:00,91.45999908447266,91.47000122070312,91.43000030517578,91.45999908447266,91.45999908447266,7098.0
2022-01-27 15:45:00-05:00,91.47000122070312,91.48500061035156,91.44999694824219,91.47000122070312,91.47000122070312,9570.0
2022-01-27 15:46:00-05:00,91.46499633789062,91.49500274658203,91.46499633789062,91.4800033569336,91.4800033569336,11047.0
2022-01-27 15:47:00-05:00,91.4800033569336,91.4800033569336,91.37999725341797,91.3949966430664,91.3949966430664,21839.0
2022-01-27 15:48:00-05:00,91.38999938964844,91.4000015258789,91.33260345458984,91.3499984741211,91.3499984741211,14795.0
2022-01-27 15:49:00-05:00,91.36000061035156,91.4000015258789,91.33999633789062,91.4000015258789,91.4000015258789,18484.0
2022-01-27 15:50:00-05:00,91.37999725341797,91.37999725341797,91.3499984741211,91.3550033569336,91.3550033569336,16593.0
2022-01-27 15:51:00-05:00,91.36000061035156,91.36000061035156,91.3499984741211,91.36000061035156,91.36000061035156,5332.0
2022-01-27 15:52:00-05:00,91.36000061035156,91.36000061035156,91.33999633789062,91.3499984741211,91.3499984741211,9837.0
2022-01-27 15:53:00-05:00,91.36000061035156,91.4000015258789,91.36000061035156,91.38999938964844,91.38999938964844,14649.0
2022-01-27 15:54:00-05:00,91.37999725341797,91.4000015258789,91.37999725341797,91.38999938964844,91.38999938964844,17014.0
2022-01-27 15:55:00-05:00,91.38999938964844,91.43000030517578,91.38999938964844,91.41999816894531,91.41999816894531,21341.0
2022-01-27 15:56:00-05:00,91.42500305175781,91.42500305175781,91.3949966430664,91.4000015258789,91.4000015258789,20393.0
2022-01-27 15:57:00-05:00,91.4000015258789,91.40499877929688,91.36499786376953,91.36499786376953,91.36499786376953,123638.0
2022-01-27 15:58:00-05:00,91.36499786376953,91.375,91.36000061035156,91.36000061035156,91.36000061035156,26819.0
2022-01-27 15:59:00-05:00,91.37000274658203,91.37000274658203,91.36000061035156,91.37000274658203,91.37000274658203,35934.0
2022-01-31 14:09:15-05:00,91.19499969482422,91.19499969482422,91.19499969482422,91.19499969482422,91.19499969482422,0.0
2022-01-28 09:30:00-05:00,91.33000183105469,91.38999938964844,91.2699966430664,91.30500030517578,91.30500030517578,58762.0
2022-01-28 09:31:00-05:00,91.30000305175781,91.30999755859375,91.2699966430664,91.27999877929688,91.27999877929688,8849.0
2022-01-28 09:32:00-05:00,91.27999877929688,91.29000091552734,91.2699966430664,91.2699966430664,91.2699966430664,13379.0
2022-01-28 09:33:00-05:00,91.27999877929688,91.3499984741211,91.27999877929688,91.30000305175781,91.30000305175781,18573.0
2022-01-28 09:34:00-05:00,91.30000305175781,91.31999969482422,91.27999877929688,91.27999877929688,91.27999877929688,7936.0
2022-01-28 09:35:00-05:00,91.29000091552734,91.29000091552734,91.2699966430664,91.2750015258789,91.2750015258789,36988.0
2022-01-28 09:36:00-05:00,91.2699966430664,91.37159729003906,91.2699966430664,91.31999969482422,91.31999969482422,22287.0
2022-01-28 09:37:00-05:00,91.31500244140625,91.31500244140625,91.29499816894531,91.30500030517578,91.30500030517578,9632.0
2022-01-28 09:38:00-05:00,91.30500030517578,91.30999755859375,91.27999877929688,91.30000305175781,91.30000305175781,7154.0
2022-01-28 09:39:00-05:00,91.2699966430664,91.2699966430664,91.2699966430664,91.2699966430664,91.2699966430664,10569.0
2022-01-28 09:40:00-05:00,91.26000213623047,91.27999877929688,91.26000213623047,91.2699966430664,91.2699966430664,37756.0
2022-01-28 09:41:00-05:00,91.2699966430664,91.2750015258789,91.26000213623047,91.2699966430664,91.2699966430664,6443.0
2022-01-28 09:42:00-05:00,91.26000213623047,91.26499938964844,91.26000213623047,91.26499938964844,91.26499938964844,3694.0
2022-01-28 09:43:00-05:00,91.26000213623047,91.26499938964844,91.25,91.26499938964844,91.26499938964844,8374.0
2022-01-28 09:44:00-05:00,91.26000213623047,91.2750015258789,91.26000213623047,91.2699966430664,91.2699966430664,3501.0
2022-01-28 09:45:00-05:00,91.26000213623047,91.2750015258789,91.25,91.2699966430664,91.2699966430664,20459.0
2022-01-28 09:46:00-05:00,91.2699966430664,91.30000305175781,91.2699966430664,91.30000305175781,91.30000305175781,133001.0
2022-01-28 09:47:00-05:00,91.29499816894531,91.32499694824219,91.29499816894531,91.32499694824219,91.32499694824219,7967.0
2022-01-28 09:48:00-05:00,91.31999969482422,91.31999969482422,91.29000091552734,91.30000305175781,91.30000305175781,19217.0
2022-01-28 09:49:00-05:00,91.29000091552734,91.29000091552734,91.26000213623047,91.2699966430664,91.2699966430664,15706.0
2022-01-28 09:50:00-05:00,91.26499938964844,91.2699966430664,91.25499725341797,91.25499725341797,91.25499725341797,21314.0
2022-01-28 09:51:00-05:00,91.26000213623047,91.27999877929688,91.26000213623047,91.2750015258789,91.2750015258789,16112.0
2022-01-28 09:52:00-05:00,91.26499938964844,91.26499938964844,91.25,91.25,91.25,2715.0
2022-01-28 09:53:00-05:00,91.25,91.25499725341797,91.23999786376953,91.24500274658203,91.24500274658203,23623.0
2022-01-28 09:54:00-05:00,91.24500274658203,91.2699966430664,91.23999786376953,91.26190185546875,91.26190185546875,16283.0
2022-01-28 09:55:00-05:00,91.2699966430664,91.29000091552734,91.2699966430664,91.29000091552734,91.29000091552734,10864.0
2022-01-28 09:56:00-05:00,91.29000091552734,91.30000305175781,91.28500366210938,91.30000305175781,91.30000305175781,6439.0
2022-01-28 09:57:00-05:00,91.29499816894531,91.30500030517578,91.29499816894531,91.29499816894531,91.29499816894531,8328.0
2022-01-28 09:58:00-05:00,91.29499816894531,91.29499816894531,91.2699966430664,91.2699966430664,91.2699966430664,5316.0
2022-01-28 09:59:00-05:00,91.26000213623047,91.2750015258789,91.26000213623047,91.26499938964844,91.26499938964844,17460.0
2022-01-28 10:00:00-05:00,91.26000213623047,91.26499938964844,91.26000213623047,91.26000213623047,91.26000213623047,20426.0
2022-01-28 10:01:00-05:00,91.29000091552734,91.30000305175781,91.28500366210938,91.30000305175781,91.30000305175781,3302.0
2022-01-28 10:02:00-05:00,91.29000091552734,91.31500244140625,91.29000091552734,91.30500030517578,91.30500030517578,7077.0
2022-01-28 10:03:00-05:00,91.30500030517578,91.33000183105469,91.29000091552734,91.33000183105469,91.33000183105469,12817.0
2022-01-28 10:04:00-05:00,91.33000183105469,91.3499984741211,91.30139923095703,91.31999969482422,91.31999969482422,11317.0
2022-01-28 10:05:00-05:00,91.30000305175781,91.30000305175781,91.28500366210938,91.29000091552734,91.29000091552734,4457.0
2022-01-28 10:06:00-05:00,91.28500366210938,91.30999755859375,91.28500366210938,91.30999755859375,91.30999755859375,3974.0
2022-01-28 10:07:00-05:00,91.30999755859375,91.33000183105469,91.30999755859375,91.33000183105469,91.33000183105469,6605.0
2022-01-28 10:08:00-05:00,91.33000183105469,91.33000183105469,91.29499816894531,91.29499816894531,91.29499816894531,4718.0
2022-01-28 10:09:00-05:00,91.29499816894531,91.30500030517578,91.29000091552734,91.29000091552734,91.29000091552734,6357.0
2022-01-28 10:10:00-05:00,91.29000091552734,91.32499694824219,91.29000091552734,91.29499816894531,91.29499816894531,7585.0
2022-01-28 10:11:00-05:00,91.30000305175781,91.37000274658203,91.30000305175781,91.37000274658203,91.37000274658203,10440.0
2022-01-28 10:12:00-05:00,91.37000274658203,91.37999725341797,91.34500122070312,91.34500122070312,91.34500122070312,9746.0
2022-01-28 10:13:00-05:00,91.33999633789062,91.33999633789062,91.30999755859375,91.31500244140625,91.31500244140625,4910.0
2022-01-28 10:14:00-05:00,91.33000183105469,91.3324966430664,91.33000183105469,91.3324966430664,91.3324966430664,527.0
2022-01-28 10:15:00-05:00,91.31999969482422,91.37999725341797,91.31999969482422,91.37999725341797,91.37999725341797,5039.0
2022-01-28 10:16:00-05:00,91.37999725341797,91.38999938964844,91.3499984741211,91.38999938964844,91.38999938964844,8709.0
2022-01-28 10:17:00-05:00,91.38999938964844,91.38999938964844,91.33999633789062,91.33999633789062,91.33999633789062,4836.0
2022-01-28 10:18:00-05:00,91.33000183105469,91.33999633789062,91.30999755859375,91.33999633789062,91.33999633789062,3855.0
2022-01-28 10:19:00-05:00,91.3499984741211,91.3499984741211,91.33000183105469,91.33000183105469,91.33000183105469,2891.0
2022-01-28 10:20:00-05:00,91.33999633789062,91.33999633789062,91.31999969482422,91.31999969482422,91.31999969482422,8624.0
2022-01-28 10:21:00-05:00,91.33000183105469,91.33999633789062,91.33000183105469,91.33999633789062,91.33999633789062,7947.0
2022-01-28 10:22:00-05:00,91.33000183105469,91.33000183105469,91.30000305175781,91.30500030517578,91.30500030517578,11385.0
2022-01-28 10:23:00-05:00,91.30500030517578,91.30999755859375,91.29000091552734,91.30999755859375,91.30999755859375,8997.0
2022-01-28 10:24:00-05:00,91.30999755859375,91.31500244140625,91.29499816894531,91.30000305175781,91.30000305175781,1984.0
2022-01-28 10:25:00-05:00,91.30000305175781,91.30500030517578,91.29000091552734,91.30000305175781,91.30000305175781,5398.0
2022-01-28 10:26:00-05:00,91.29499816894531,91.31999969482422,91.29000091552734,91.31999969482422,91.31999969482422,5038.0
2022-01-28 10:27:00-05:00,91.31500244140625,91.3499984741211,91.30999755859375,91.33999633789062,91.33999633789062,2488.0
2022-01-28 10:28:00-05:00,91.3499984741211,91.3499984741211,91.31999969482422,91.31999969482422,91.31999969482422,2444.0
2022-01-28 10:29:00-05:00,91.31999969482422,91.33999633789062,91.30999755859375,91.33999633789062,91.33999633789062,3649.0
2022-01-28 10:30:00-05:00,91.33999633789062,91.33999633789062,91.30000305175781,91.33000183105469,91.33000183105469,4793.0
2022-01-28 10:31:00-05:00,91.30999755859375,91.31999969482422,91.29129791259766,91.29499816894531,91.29499816894531,5058.0
2022-01-28 10:32:00-05:00,91.29499816894531,91.29499816894531,91.27999877929688,91.29000091552734,91.29000091552734,4950.0
2022-01-28 10:33:00-05:00,91.27999877929688,91.28500366210938,91.2750015258789,91.2750015258789,91.2750015258789,3660.0
2022-01-28 10:34:00-05:00,91.2699966430664,91.27999877929688,91.2699966430664,91.2750015258789,91.2750015258789,5209.0
2022-01-28 10:35:00-05:00,91.27999877929688,91.30000305175781,91.27999877929688,91.29499816894531,91.29499816894531,4133.0
2022-01-28 10:36:00-05:00,91.29499816894531,91.30010223388672,91.27999877929688,91.27999877929688,91.27999877929688,7544.0
2022-01-28 10:37:00-05:00,91.27999877929688,91.30999755859375,91.2699966430664,91.28500366210938,91.28500366210938,17198.0
2022-01-28 10:38:00-05:00,91.28500366210938,91.29499816894531,91.27999877929688,91.29000091552734,91.29000091552734,5970.0
2022-01-28 10:39:00-05:00,91.27999877929688,91.27999877929688,91.25499725341797,91.2750015258789,91.2750015258789,14411.0
2022-01-28 10:40:00-05:00,91.2750015258789,91.2750015258789,91.23999786376953,91.25499725341797,91.25499725341797,21064.0
2022-01-28 10:41:00-05:00,91.26000213623047,91.26000213623047,91.2300033569336,91.23500061035156,91.23500061035156,12682.0
2022-01-28 10:42:00-05:00,91.23500061035156,91.2699966430664,91.23500061035156,91.25,91.25,26222.0
2022-01-28 10:43:00-05:00,91.25499725341797,91.2699966430664,91.25,91.26399993896484,91.26399993896484,2852.0
2022-01-28 10:44:00-05:00,91.2699966430664,91.28500366210938,91.2699966430664,91.2750015258789,91.2750015258789,8693.0
2022-01-28 10:45:00-05:00,91.2699966430664,91.2699966430664,91.23999786376953,91.25499725341797,91.25499725341797,13652.0
2022-01-28 10:46:00-05:00,91.25499725341797,91.2699966430664,91.25499725341797,91.26000213623047,91.26000213623047,4957.0
2022-01-28 10:47:00-05:00,91.26000213623047,91.30999755859375,91.26000213623047,91.30500030517578,91.30500030517578,18864.0
2022-01-28 10:48:00-05:00,91.30999755859375,91.31999969482422,91.30000305175781,91.30000305175781,91.30000305175781,6193.0
2022-01-28 10:49:00-05:00,91.30500030517578,91.33999633789062,91.30249786376953,91.33999633789062,91.33999633789062,11928.0
2022-01-28 10:50:00-05:00,91.33499908447266,91.33999633789062,91.30999755859375,91.30999755859375,91.30999755859375,6425.0
2022-01-28 10:51:00-05:00,91.30000305175781,91.30000305175781,91.29000091552734,91.30000305175781,91.30000305175781,2617.0
2022-01-28 10:52:00-05:00,91.30999755859375,91.31500244140625,91.29000091552734,91.29000091552734,91.29000091552734,6693.0
2022-01-28 10:53:00-05:00,91.30000305175781,91.36000061035156,91.30000305175781,91.3499984741211,91.3499984741211,8863.0
2022-01-28 10:54:00-05:00,91.33999633789062,91.3499984741211,91.33000183105469,91.34500122070312,91.34500122070312,4644.0
2022-01-28 10:55:00-05:00,91.3499984741211,91.3499984741211,91.30999755859375,91.30999755859375,91.30999755859375,2726.0
2022-01-28 10:56:00-05:00,91.30999755859375,91.31999969482422,91.29000091552734,91.29000091552734,91.29000091552734,6718.0
2022-01-28 10:57:00-05:00,91.27999877929688,91.30999755859375,91.27999877929688,91.30999755859375,91.30999755859375,8544.0
2022-01-28 10:58:00-05:00,91.30000305175781,91.33000183105469,91.30000305175781,91.33000183105469,91.33000183105469,2570.0
2022-01-28 10:59:00-05:00,91.33499908447266,91.37000274658203,91.33000183105469,91.37000274658203,91.37000274658203,14363.0
2022-01-28 11:00:00-05:00,91.37999725341797,91.37999725341797,91.37000274658203,91.37000274658203,91.37000274658203,7445.0
2022-01-28 11:01:00-05:00,91.31999969482422,91.33000183105469,91.31999969482422,91.33000183105469,91.33000183105469,10870.0
2022-01-28 11:02:00-05:00,91.31999969482422,91.31999969482422,91.30999755859375,91.31999969482422,91.31999969482422,6910.0
2022-01-28 11:03:00-05:00,91.31999969482422,91.34500122070312,91.31500244140625,91.31500244140625,91.31500244140625,4244.0
2022-01-28 11:04:00-05:00,91.30999755859375,91.31999969482422,91.29000091552734,91.29000091552734,91.29000091552734,6976.0
2022-01-28 11:05:00-05:00,91.29499816894531,91.31999969482422,91.29499816894531,91.30999755859375,91.30999755859375,7810.0
2022-01-28 11:06:00-05:00,91.30999755859375,91.31999969482422,91.29000091552734,91.31999969482422,91.31999969482422,10334.0
2022-01-28 11:07:00-05:00,91.33000183105469,91.33000183105469,91.31500244140625,91.31500244140625,91.31500244140625,2391.0
2022-01-28 11:08:00-05:00,91.32250213623047,91.33000183105469,91.31500244140625,91.31999969482422,91.31999969482422,7179.0
2022-01-28 11:09:00-05:00,91.31999969482422,91.31999969482422,91.30000305175781,91.30999755859375,91.30999755859375,3581.0
2022-01-28 11:10:00-05:00,91.30999755859375,91.33000183105469,91.30000305175781,91.33000183105469,91.33000183105469,6756.0
2022-01-28 11:11:00-05:00,91.33999633789062,91.33999633789062,91.33000183105469,91.33999633789062,91.33999633789062,6946.0
2022-01-28 11:12:00-05:00,91.33499908447266,91.34500122070312,91.31999969482422,91.34500122070312,91.34500122070312,5280.0
2022-01-28 11:13:00-05:00,91.34500122070312,91.34500122070312,91.33000183105469,91.34500122070312,91.34500122070312,2738.0
2022-01-28 11:14:00-05:00,91.33999633789062,91.3499984741211,91.33999633789062,91.3499984741211,91.3499984741211,10173.0
2022-01-28 11:15:00-05:00,91.3499984741211,91.37000274658203,91.3499984741211,91.36499786376953,91.36499786376953,7963.0
2022-01-28 11:16:00-05:00,91.36170196533203,91.37000274658203,91.3499984741211,91.36000061035156,91.36000061035156,10014.0
2022-01-28 11:17:00-05:00,91.3550033569336,91.38500213623047,91.35009765625,91.38500213623047,91.38500213623047,12305.0
2022-01-28 11:18:00-05:00,91.38999938964844,91.43499755859375,91.38240051269531,91.43499755859375,91.43499755859375,10382.0
2022-01-28 11:19:00-05:00,91.44000244140625,91.45999908447266,91.43499755859375,91.44020080566406,91.44020080566406,11615.0
2022-01-28 11:20:00-05:00,91.43499755859375,91.47000122070312,91.43000030517578,91.43000030517578,91.43000030517578,10221.0
2022-01-28 11:21:00-05:00,91.43000030517578,91.43000030517578,91.38999938964844,91.38999938964844,91.38999938964844,3999.0
2022-01-28 11:22:00-05:00,91.37999725341797,91.37999725341797,91.3550033569336,91.36499786376953,91.36499786376953,3726.0
2022-01-28 11:23:00-05:00,91.37000274658203,91.37000274658203,91.3499984741211,91.3499984741211,91.3499984741211,3341.0
2022-01-28 11:24:00-05:00,91.36000061035156,91.36000061035156,91.33999633789062,91.3550033569336,91.3550033569336,5896.0
2022-01-28 11:25:00-05:00,91.3550033569336,91.4000015258789,91.3499984741211,91.3949966430664,91.3949966430664,2931.0
2022-01-28 11:26:00-05:00,91.4000015258789,91.41500091552734,91.38999938964844,91.38999938964844,91.38999938964844,17198.0
2022-01-28 11:27:00-05:00,91.38500213623047,91.38999938964844,91.37999725341797,91.37999725341797,91.37999725341797,2821.0
2022-01-28 11:28:00-05:00,91.38999938964844,91.38999938964844,91.37999725341797,91.38500213623047,91.38500213623047,3756.0
2022-01-28 11:29:00-05:00,91.375,91.375,91.36000061035156,91.37000274658203,91.37000274658203,6650.0
2022-01-28 11:30:00-05:00,91.37999725341797,91.4000015258789,91.37999725341797,91.38999938964844,91.38999938964844,3662.0
2022-01-28 11:31:00-05:00,91.37000274658203,91.37999725341797,91.37000274658203,91.37999725341797,91.37999725341797,3087.0
2022-01-28 11:32:00-05:00,91.375,91.41000366210938,91.375,91.4000015258789,91.4000015258789,2353.0
2022-01-28 11:33:00-05:00,91.4000015258789,91.40499877929688,91.3949966430664,91.4000015258789,91.4000015258789,2480.0
2022-01-28 11:34:00-05:00,91.4000015258789,91.4000015258789,91.37999725341797,91.38999938964844,91.38999938964844,2029.0
2022-01-28 11:35:00-05:00,91.4000015258789,91.41000366210938,91.3949966430664,91.41000366210938,91.41000366210938,1698.0
2022-01-28 11:36:00-05:00,91.41000366210938,91.41999816894531,91.38999938964844,91.41000366210938,91.41000366210938,9157.0
2022-01-28 11:37:00-05:00,91.4000015258789,91.41999816894531,91.38999938964844,91.41999816894531,91.41999816894531,2972.0
2022-01-28 11:38:00-05:00,91.41500091552734,91.41999816894531,91.41500091552734,91.41999816894531,91.41999816894531,983.0
2022-01-28 11:39:00-05:00,91.41500091552734,91.41500091552734,91.4000015258789,91.40499877929688,91.40499877929688,5779.0
2022-01-28 11:40:00-05:00,91.4000015258789,91.4000015258789,91.3949966430664,91.4000015258789,91.4000015258789,3980.0
2022-01-28 11:41:00-05:00,91.4000015258789,91.40499877929688,91.38999938964844,91.4000015258789,91.4000015258789,4843.0
2022-01-28 11:42:00-05:00,91.4000015258789,91.40499877929688,91.3949966430664,91.3949966430664,91.3949966430664,18158.0
2022-01-28 11:43:00-05:00,91.3949966430664,91.4000015258789,91.38999938964844,91.38999938964844,91.38999938964844,25882.0
2022-01-28 11:44:00-05:00,91.38999938964844,91.4000015258789,91.38999938964844,91.3949966430664,91.3949966430664,964.0
2022-01-28 11:45:00-05:00,91.4000015258789,91.43000030517578,91.4000015258789,91.43000030517578,91.43000030517578,2797.0
2022-01-28 11:46:00-05:00,91.43000030517578,91.43000030517578,91.3949966430664,91.3949966430664,91.3949966430664,4089.0
2022-01-28 11:47:00-05:00,91.41000366210938,91.44999694824219,91.41000366210938,91.43000030517578,91.43000030517578,3566.0
2022-01-28 11:48:00-05:00,91.44000244140625,91.44000244140625,91.43000030517578,91.43000030517578,91.43000030517578,1027.0
2022-01-28 11:49:00-05:00,91.43000030517578,91.43000030517578,91.41999816894531,91.41999816894531,91.41999816894531,1417.0
2022-01-28 11:50:00-05:00,91.41000366210938,91.41999816894531,91.41000366210938,91.41500091552734,91.41500091552734,3336.0
2022-01-28 11:51:00-05:00,91.41000366210938,91.41699981689453,91.3949966430664,91.41699981689453,91.41699981689453,6875.0
2022-01-28 11:52:00-05:00,91.41500091552734,91.41500091552734,91.3949966430664,91.3949966430664,91.3949966430664,5924.0
2022-01-28 11:53:00-05:00,91.3949966430664,91.3949966430664,91.375,91.37999725341797,91.37999725341797,4906.0
2022-01-28 11:54:00-05:00,91.38999938964844,91.38999938964844,91.37999725341797,91.37999725341797,91.37999725341797,4685.0
2022-01-28 11:55:00-05:00,91.38999938964844,91.4000015258789,91.37999725341797,91.4000015258789,91.4000015258789,4289.0
2022-01-28 11:56:00-05:00,91.41000366210938,91.42500305175781,91.41000366210938,91.42500305175781,91.42500305175781,4210.0
2022-01-28 11:57:00-05:00,91.42500305175781,91.44999694824219,91.42500305175781,91.44999694824219,91.44999694824219,4937.0
2022-01-28 11:58:00-05:00,91.44499969482422,91.45999908447266,91.44499969482422,91.45999908447266,91.45999908447266,2987.0
2022-01-28 11:59:00-05:00,91.45999908447266,91.47000122070312,91.45999908447266,91.46499633789062,91.46499633789062,2364.0
2022-01-28 12:00:00-05:00,91.46499633789062,91.46499633789062,91.45999908447266,91.45999908447266,91.45999908447266,6024.0
2022-01-28 12:01:00-05:00,91.41999816894531,91.41999816894531,91.41500091552734,91.41999816894531,91.41999816894531,1474.0
2022-01-28 12:02:00-05:00,91.43000030517578,91.43000030517578,91.41000366210938,91.41000366210938,91.41000366210938,3293.0
2022-01-28 12:03:00-05:00,91.41000366210938,91.41000366210938,91.4000015258789,91.40499877929688,91.40499877929688,3227.0
2022-01-28 12:04:00-05:00,91.40499877929688,91.41999816894531,91.40499877929688,91.41999816894531,91.41999816894531,5170.0
2022-01-28 12:05:00-05:00,91.42500305175781,91.43000030517578,91.40499877929688,91.41999816894531,91.41999816894531,2977.0
2022-01-28 12:06:00-05:00,91.41000366210938,91.41999816894531,91.4000015258789,91.41000366210938,91.41000366210938,3541.0
2022-01-28 12:07:00-05:00,91.41000366210938,91.41500091552734,91.41000366210938,91.41000366210938,91.41000366210938,885.0
2022-01-28 12:08:00-05:00,91.40499877929688,91.40499877929688,91.38999938964844,91.3949966430664,91.3949966430664,2838.0
2022-01-28 12:09:00-05:00,91.3949966430664,91.4000015258789,91.38999938964844,91.4000015258789,91.4000015258789,2875.0
2022-01-28 12:10:00-05:00,91.4000015258789,91.4000015258789,91.4000015258789,91.4000015258789,91.4000015258789,931.0
2022-01-28 12:11:00-05:00,91.41000366210938,91.41500091552734,91.3916015625,91.41500091552734,91.41500091552734,3693.0
2022-01-28 12:12:00-05:00,91.41000366210938,91.41000366210938,91.37999725341797,91.37999725341797,91.37999725341797,9927.0
2022-01-28 12:13:00-05:00,91.375,91.37999725341797,91.37000274658203,91.375,91.375,3867.0
2022-01-28 12:14:00-05:00,91.37999725341797,91.41000366210938,91.37999725341797,91.41000366210938,91.41000366210938,4732.0
2022-01-28 12:15:00-05:00,91.41999816894531,91.41999816894531,91.41500091552734,91.41999816894531,91.41999816894531,2111.0
2022-01-28 12:16:00-05:00,91.41500091552734,91.41999816894531,91.41500091552734,91.41500091552734,91.41500091552734,955.0
2022-01-28 12:17:00-05:00,91.41999816894531,91.41999816894531,91.41500091552734,91.41999816894531,91.41999816894531,820.0
2022-01-28 12:18:00-05:00,91.41999816894531,91.43000030517578,91.41999816894531,91.43000030517578,91.43000030517578,1936.0
2022-01-28 12:19:00-05:00,91.43000030517578,91.44499969482422,91.43000030517578,91.44000244140625,91.44000244140625,6223.0
2022-01-28 12:20:00-05:00,91.44000244140625,91.44000244140625,91.3949966430664,91.4000015258789,91.4000015258789,13310.0
2022-01-28 12:21:00-05:00,91.40499877929688,91.41000366210938,91.4000015258789,91.41000366210938,91.41000366210938,15393.0
2022-01-28 12:22:00-05:00,91.4000015258789,91.40499877929688,91.38999938964844,91.3949966430664,91.3949966430664,7859.0
2022-01-28 12:23:00-05:00,91.4000015258789,91.40499877929688,91.37999725341797,91.38500213623047,91.38500213623047,18266.0
2022-01-28 12:24:00-05:00,91.38500213623047,91.38500213623047,91.3550033569336,91.3550033569336,91.3550033569336,4087.0
2022-01-28 12:25:00-05:00,91.3550033569336,91.3550033569336,91.33499908447266,91.33999633789062,91.33999633789062,3410.0
2022-01-28 12:26:00-05:00,91.34500122070312,91.4000015258789,91.34500122070312,91.4000015258789,91.4000015258789,4454.0
2022-01-28 12:27:00-05:00,91.40499877929688,91.41000366210938,91.4000015258789,91.4000015258789,91.4000015258789,14791.0
2022-01-28 12:28:00-05:00,91.41000366210938,91.41000366210938,91.36499786376953,91.36499786376953,91.36499786376953,2587.0
2022-01-28 12:29:00-05:00,91.37000274658203,91.37000274658203,91.37000274658203,91.37000274658203,91.37000274658203,674.0
2022-01-28 12:30:00-05:00,91.36000061035156,91.36000061035156,91.34500122070312,91.3499984741211,91.3499984741211,2483.0
2022-01-28 12:31:00-05:00,91.33999633789062,91.3499984741211,91.33000183105469,91.33000183105469,91.33000183105469,2930.0
2022-01-28 12:32:00-05:00,91.33000183105469,91.33999633789062,91.33000183105469,91.33999633789062,91.33999633789062,701.0
2022-01-28 12:33:00-05:00,91.33000183105469,91.33000183105469,91.31999969482422,91.33000183105469,91.33000183105469,1106.0
2022-01-28 12:34:00-05:00,91.31999969482422,91.31999969482422,91.31999969482422,91.31999969482422,91.31999969482422,2461.0
2022-01-28 12:35:00-05:00,91.32589721679688,91.32589721679688,91.29499816894531,91.29499816894531,91.29499816894531,11056.0
2022-01-28 12:36:00-05:00,91.30000305175781,91.31500244140625,91.29000091552734,91.30999755859375,91.30999755859375,10188.0
2022-01-28 12:37:00-05:00,91.31999969482422,91.36499786376953,91.31999969482422,91.36000061035156,91.36000061035156,4522.0
2022-01-28 12:38:00-05:00,91.3499984741211,91.3499984741211,91.33499908447266,91.33999633789062,91.33999633789062,1757.0
2022-01-28 12:39:00-05:00,91.33999633789062,91.3550033569336,91.32060241699219,91.32060241699219,91.32060241699219,3790.0
2022-01-28 12:40:00-05:00,91.33000183105469,91.3499984741211,91.33000183105469,91.33999633789062,91.33999633789062,2579.0
2022-01-28 12:41:00-05:00,91.33000183105469,91.33999633789062,91.32499694824219,91.33999633789062,91.33999633789062,8703.0
2022-01-28 12:42:00-05:00,91.33999633789062,91.36000061035156,91.33499908447266,91.33999633789062,91.33999633789062,5842.0
2022-01-28 12:43:00-05:00,91.33999633789062,91.3499984741211,91.33999633789062,91.3499984741211,91.3499984741211,1395.0
2022-01-28 12:44:00-05:00,91.36000061035156,91.36000061035156,91.33999633789062,91.36000061035156,91.36000061035156,2617.0
2022-01-28 12:45:00-05:00,91.3499984741211,91.3499984741211,91.31999969482422,91.33999633789062,91.33999633789062,5888.0
2022-01-28 12:46:00-05:00,91.33000183105469,91.33000183105469,91.30999755859375,91.30999755859375,91.30999755859375,5449.0
2022-01-28 12:47:00-05:00,91.31999969482422,91.33000183105469,91.30999755859375,91.30999755859375,91.30999755859375,3268.0
2022-01-28 12:48:00-05:00,91.30000305175781,91.33000183105469,91.30000305175781,91.32499694824219,91.32499694824219,11537.0
2022-01-28 12:49:00-05:00,91.33000183105469,91.3499984741211,91.33000183105469,91.3499984741211,91.3499984741211,6081.0
2022-01-28 12:50:00-05:00,91.3499984741211,91.3499984741211,91.30999755859375,91.31999969482422,91.31999969482422,6271.0
2022-01-28 12:51:00-05:00,91.31400299072266,91.31500244140625,91.30000305175781,91.30500030517578,91.30500030517578,11123.0
2022-01-28 12:52:00-05:00,91.30999755859375,91.31999969482422,91.30000305175781,91.31999969482422,91.31999969482422,2444.0
2022-01-28 12:53:00-05:00,91.31999969482422,91.33000183105469,91.31500244140625,91.31500244140625,91.31500244140625,2128.0
2022-01-28 12:54:00-05:00,91.31999969482422,91.33999633789062,91.31999969482422,91.33999633789062,91.33999633789062,3671.0
2022-01-28 12:55:00-05:00,91.33999633789062,91.34500122070312,91.33999633789062,91.34500122070312,91.34500122070312,2361.0
2022-01-28 12:56:00-05:00,91.34500122070312,91.37000274658203,91.34500122070312,91.3499984741211,91.3499984741211,4455.0
2022-01-28 12:57:00-05:00,91.3499984741211,91.36000061035156,91.34500122070312,91.36000061035156,91.36000061035156,1636.0
2022-01-28 12:58:00-05:00,91.37000274658203,91.37000274658203,91.3550033569336,91.3550033569336,91.3550033569336,642.0
2022-01-28 12:59:00-05:00,91.36000061035156,91.36000061035156,91.33499908447266,91.33499908447266,91.33499908447266,3539.0
2022-01-28 13:00:00-05:00,91.33499908447266,91.33999633789062,91.33499908447266,91.33999633789062,91.33999633789062,3827.0
2022-01-28 13:01:00-05:00,91.36000061035156,91.36000061035156,91.36000061035156,91.36000061035156,91.36000061035156,2223.0
2022-01-28 13:02:00-05:00,91.36000061035156,91.38999938964844,91.36000061035156,91.38999938964844,91.38999938964844,8789.0
2022-01-28 13:03:00-05:00,91.38500213623047,91.38500213623047,91.34500122070312,91.34500122070312,91.34500122070312,4246.0
2022-01-28 13:04:00-05:00,91.34500122070312,91.3499984741211,91.33999633789062,91.3499984741211,91.3499984741211,7270.0
2022-01-28 13:05:00-05:00,91.34500122070312,91.3499984741211,91.33999633789062,91.33999633789062,91.33999633789062,18983.0
2022-01-28 13:06:00-05:00,91.33999633789062,91.3499984741211,91.33999633789062,91.3499984741211,91.3499984741211,1853.0
2022-01-28 13:07:00-05:00,91.3405990600586,91.34500122070312,91.33329772949219,91.34500122070312,91.34500122070312,3816.0
2022-01-28 13:08:00-05:00,91.34500122070312,91.3550033569336,91.34500122070312,91.3499984741211,91.3499984741211,6975.0
2022-01-28 13:09:00-05:00,91.33999633789062,91.3499984741211,91.33000183105469,91.33999633789062,91.33999633789062,4667.0
2022-01-28 13:10:00-05:00,91.33000183105469,91.33000183105469,91.30999755859375,91.30999755859375,91.30999755859375,2399.0
2022-01-28 13:11:00-05:00,91.31999969482422,91.31999969482422,91.31999969482422,91.31999969482422,91.31999969482422,2001.0
2022-01-28 13:12:00-05:00,91.30999755859375,91.31159973144531,91.30999755859375,91.31159973144531,91.31159973144531,4382.0
2022-01-28 13:13:00-05:00,91.30999755859375,91.30999755859375,91.30000305175781,91.30500030517578,91.30500030517578,5456.0
2022-01-28 13:14:00-05:00,91.30000305175781,91.30000305175781,91.27999877929688,91.29000091552734,91.29000091552734,12264.0
2022-01-28 13:15:00-05:00,91.29000091552734,91.30000305175781,91.29000091552734,91.29000091552734,91.29000091552734,10639.0
2022-01-28 13:16:00-05:00,91.27999877929688,91.29000091552734,91.2750015258789,91.28500366210938,91.28500366210938,4528.0
2022-01-28 13:17:00-05:00,91.29000091552734,91.29499816894531,91.29000091552734,91.29000091552734,91.29000091552734,1799.0
2022-01-28 13:18:00-05:00,91.29000091552734,91.29000091552734,91.27999877929688,91.27999877929688,91.27999877929688,791.0
2022-01-28 13:19:00-05:00,91.27999877929688,91.29000091552734,91.2699966430664,91.2750015258789,91.2750015258789,2304.0
2022-01-28 13:20:00-05:00,91.2699966430664,91.30000305175781,91.2699966430664,91.29499816894531,91.29499816894531,3640.0
2022-01-28 13:21:00-05:00,91.29000091552734,91.30000305175781,91.26499938964844,91.26499938964844,91.26499938964844,5996.0
2022-01-28 13:22:00-05:00,91.2699966430664,91.28500366210938,91.2699966430664,91.27999877929688,91.27999877929688,4048.0
2022-01-28 13:23:00-05:00,91.29000091552734,91.29499816894531,91.2750015258789,91.28500366210938,91.28500366210938,4564.0
2022-01-28 13:24:00-05:00,91.27999877929688,91.29499816894531,91.27999877929688,91.29000091552734,91.29000091552734,5666.0
2022-01-28 13:25:00-05:00,91.29499816894531,91.30500030517578,91.29000091552734,91.30000305175781,91.30000305175781,5368.0
2022-01-28 13:26:00-05:00,91.30470275878906,91.30470275878906,91.28500366210938,91.28500366210938,91.28500366210938,3403.0
2022-01-28 13:27:00-05:00,91.28500366210938,91.29000091552734,91.26000213623047,91.28500366210938,91.28500366210938,9891.0
2022-01-28 13:28:00-05:00,91.27999877929688,91.30000305175781,91.27999877929688,91.30000305175781,91.30000305175781,2525.0
2022-01-28 13:29:00-05:00,91.29499816894531,91.30000305175781,91.29499816894531,91.30000305175781,91.30000305175781,2587.0
2022-01-28 13:30:00-05:00,91.30000305175781,91.32499694824219,91.30000305175781,91.31999969482422,91.31999969482422,9836.0
2022-01-28 13:31:00-05:00,91.30999755859375,91.30999755859375,91.30999755859375,91.30999755859375,91.30999755859375,3292.0
2022-01-28 13:32:00-05:00,91.31999969482422,91.31999969482422,91.30999755859375,91.31500244140625,91.31500244140625,682.0
2022-01-28 13:33:00-05:00,91.31500244140625,91.31999969482422,91.30000305175781,91.30000305175781,91.30000305175781,3188.0
2022-01-28 13:34:00-05:00,91.30000305175781,91.30999755859375,91.30000305175781,91.30000305175781,91.30000305175781,1928.0
2022-01-28 13:35:00-05:00,91.30000305175781,91.30999755859375,91.29000091552734,91.30999755859375,91.30999755859375,2526.0
2022-01-28 13:36:00-05:00,91.30999755859375,91.31999969482422,91.29499816894531,91.30000305175781,91.30000305175781,3948.0
2022-01-28 13:37:00-05:00,91.30000305175781,91.30000305175781,91.27999877929688,91.29499816894531,91.29499816894531,4536.0
2022-01-28 13:38:00-05:00,91.29000091552734,91.30500030517578,91.29000091552734,91.30000305175781,91.30000305175781,2812.0
2022-01-28 13:39:00-05:00,91.30000305175781,91.30500030517578,91.2699966430664,91.2699966430664,91.2699966430664,11601.0
2022-01-28 13:40:00-05:00,91.2750015258789,91.27999877929688,91.2750015258789,91.2750015258789,91.2750015258789,3371.0
2022-01-28 13:41:00-05:00,91.27999877929688,91.27999877929688,91.26499938964844,91.26499938964844,91.26499938964844,2994.0
2022-01-28 13:42:00-05:00,91.2699966430664,91.2699966430664,91.26499938964844,91.2699966430664,91.2699966430664,3076.0
2022-01-28 13:43:00-05:00,91.26000213623047,91.2699966430664,91.26000213623047,91.26499938964844,91.26499938964844,1323.0
2022-01-28 13:44:00-05:00,91.2699966430664,91.2699966430664,91.26499938964844,91.2699966430664,91.2699966430664,3835.0
2022-01-28 13:45:00-05:00,91.2699966430664,91.27999877929688,91.26000213623047,91.2699966430664,91.2699966430664,5114.0
2022-01-28 13:46:00-05:00,91.2699966430664,91.2699966430664,91.25,91.26000213623047,91.26000213623047,8560.0
2022-01-28 13:47:00-05:00,91.25,91.26000213623047,91.25,91.25,91.25,12207.0
2022-01-28 13:48:00-05:00,91.25499725341797,91.2750015258789,91.25,91.25499725341797,91.25499725341797,7948.0
2022-01-28 13:49:00-05:00,91.26000213623047,91.27999877929688,91.25,91.26000213623047,91.26000213623047,6688.0
2022-01-28 13:50:00-05:00,91.26499938964844,91.27999877929688,91.26499938964844,91.27999877929688,91.27999877929688,2915.0
2022-01-28 13:51:00-05:00,91.2699966430664,91.27999877929688,91.2699966430664,91.2750015258789,91.2750015258789,2408.0
2022-01-28 13:52:00-05:00,91.2750015258789,91.27999877929688,91.2699966430664,91.2750015258789,91.2750015258789,1220.0
2022-01-28 13:53:00-05:00,91.2699966430664,91.2750015258789,91.2699966430664,91.2750015258789,91.2750015258789,576.0
2022-01-28 13:54:00-05:00,91.2750015258789,91.29000091552734,91.2750015258789,91.27999877929688,91.27999877929688,5019.0
2022-01-28 13:55:00-05:00,91.2699966430664,91.28500366210938,91.26000213623047,91.28500366210938,91.28500366210938,14647.0
2022-01-28 13:56:00-05:00,91.28500366210938,91.30999755859375,91.28500366210938,91.30500030517578,91.30500030517578,19235.0
2022-01-28 13:57:00-05:00,91.30999755859375,91.31999969482422,91.30999755859375,91.31500244140625,91.31500244140625,5136.0
2022-01-28 13:58:00-05:00,91.31999969482422,91.31999969482422,91.30000305175781,91.30500030517578,91.30500030517578,6989.0
2022-01-28 13:59:00-05:00,91.30999755859375,91.31999969482422,91.30000305175781,91.30000305175781,91.30000305175781,6116.0
2022-01-28 14:00:00-05:00,91.30000305175781,91.31999969482422,91.30000305175781,91.31500244140625,91.31500244140625,9324.0
2022-01-28 14:01:00-05:00,91.31999969482422,91.31999969482422,91.31999969482422,91.31999969482422,91.31999969482422,468.0
2022-01-28 14:02:00-05:00,91.31999969482422,91.31999969482422,91.29499816894531,91.30000305175781,91.30000305175781,4953.0
2022-01-28 14:03:00-05:00,91.30000305175781,91.30000305175781,91.27999877929688,91.29000091552734,91.29000091552734,6473.0
2022-01-28 14:04:00-05:00,91.29000091552734,91.30000305175781,91.27999877929688,91.27999877929688,91.27999877929688,3278.0
2022-01-28 14:05:00-05:00,91.28500366210938,91.28500366210938,91.2699966430664,91.27999877929688,91.27999877929688,11121.0
2022-01-28 14:06:00-05:00,91.28500366210938,91.28500366210938,91.2699966430664,91.2750015258789,91.2750015258789,8588.0
2022-01-28 14:07:00-05:00,91.2699966430664,91.2780990600586,91.26499938964844,91.2699966430664,91.2699966430664,5617.0
2022-01-28 14:08:00-05:00,91.26499938964844,91.27999877929688,91.25,91.26000213623047,91.26000213623047,23675.0
2022-01-28 14:09:00-05:00,91.26000213623047,91.27999877929688,91.26000213623047,91.2750015258789,91.2750015258789,5498.0
2022-01-28 14:10:00-05:00,91.27999877929688,91.27999877929688,91.2750015258789,91.27999877929688,91.27999877929688,1300.0
2022-01-28 14:11:00-05:00,91.2750015258789,91.28500366210938,91.26000213623047,91.27999877929688,91.27999877929688,9051.0
2022-01-28 14:12:00-05:00,91.2699966430664,91.2699966430664,91.26499938964844,91.26499938964844,91.26499938964844,2337.0
2022-01-28 14:13:00-05:00,91.2699966430664,91.27999877929688,91.2699966430664,91.2750015258789,91.2750015258789,1766.0
2022-01-28 14:14:00-05:00,91.27999877929688,91.27999877929688,91.26899719238281,91.2750015258789,91.2750015258789,7031.0
2022-01-28 14:15:00-05:00,91.2699966430664,91.28500366210938,91.2699966430664,91.28500366210938,91.28500366210938,6333.0
2022-01-28 14:16:00-05:00,91.27999877929688,91.28500366210938,91.26000213623047,91.26000213623047,91.26000213623047,6704.0
2022-01-28 14:17:00-05:00,91.26000213623047,91.27899932861328,91.25,91.25499725341797,91.25499725341797,13198.0
2022-01-28 14:18:00-05:00,91.26000213623047,91.27999877929688,91.23999786376953,91.2750015258789,91.2750015258789,142292.0
2022-01-28 14:19:00-05:00,91.27999877929688,91.30000305175781,91.27999877929688,91.29499816894531,91.29499816894531,4401.0
2022-01-28 14:20:00-05:00,91.29000091552734,91.29000091552734,91.2699966430664,91.27999877929688,91.27999877929688,3947.0
2022-01-28 14:21:00-05:00,91.2699966430664,91.27999877929688,91.25879669189453,91.26000213623047,91.26000213623047,4250.0
2022-01-28 14:22:00-05:00,91.26000213623047,91.26499938964844,91.26000213623047,91.26000213623047,91.26000213623047,1335.0
2022-01-28 14:23:00-05:00,91.26499938964844,91.28500366210938,91.25,91.2750015258789,91.2750015258789,45042.0
2022-01-28 14:24:00-05:00,91.2699966430664,91.2699966430664,91.25,91.26000213623047,91.26000213623047,2607.0
2022-01-28 14:25:00-05:00,91.26000213623047,91.26000213623047,91.23999786376953,91.25,91.25,6420.0
2022-01-28 14:26:00-05:00,91.25,91.26499938964844,91.23999786376953,91.26499938964844,91.26499938964844,4033.0
2022-01-28 14:27:00-05:00,91.26000213623047,91.26000213623047,91.25,91.25,91.25,4156.0
2022-01-28 14:28:00-05:00,91.23999786376953,91.26499938964844,91.23999786376953,91.26000213623047,91.26000213623047,7986.0
2022-01-28 14:29:00-05:00,91.26000213623047,91.2699966430664,91.26000213623047,91.2699966430664,91.2699966430664,2909.0
2022-01-28 14:30:00-05:00,91.2699966430664,91.2699966430664,91.25,91.26000213623047,91.26000213623047,6535.0
2022-01-28 14:31:00-05:00,91.26000213623047,91.26499938964844,91.25,91.25499725341797,91.25499725341797,2716.0
2022-01-28 14:32:00-05:00,91.25499725341797,91.26499938964844,91.25499725341797,91.26499938964844,91.26499938964844,2959.0
2022-01-28 14:33:00-05:00,91.2699966430664,91.2699966430664,91.25499725341797,91.26000213623047,91.26000213623047,1684.0
2022-01-28 14:34:00-05:00,91.26000213623047,91.26000213623047,91.23999786376953,91.24500274658203,91.24500274658203,13549.0
2022-01-28 14:35:00-05:00,91.25,91.25,91.24500274658203,91.24500274658203,91.24500274658203,3267.0
2022-01-28 14:36:00-05:00,91.25,91.2699966430664,91.24500274658203,91.26000213623047,91.26000213623047,7669.0
2022-01-28 14:37:00-05:00,91.26000213623047,91.2699966430664,91.26000213623047,91.26950073242188,91.26950073242188,1622.0
2022-01-28 14:38:00-05:00,91.26000213623047,91.2699966430664,91.26000213623047,91.26000213623047,91.26000213623047,3317.0
2022-01-28 14:39:00-05:00,91.26499938964844,91.27999877929688,91.26000213623047,91.2750015258789,91.2750015258789,7279.0
2022-01-28 14:40:00-05:00,91.27999877929688,91.30000305175781,91.2699966430664,91.27999877929688,91.27999877929688,9308.0
2022-01-28 14:41:00-05:00,91.27999877929688,91.27999877929688,91.27999877929688,91.27999877929688,91.27999877929688,1433.0
2022-01-28 14:42:00-05:00,91.29000091552734,91.30999755859375,91.29000091552734,91.30000305175781,91.30000305175781,11469.0
2022-01-28 14:43:00-05:00,91.29000091552734,91.30000305175781,91.27999877929688,91.30000305175781,91.30000305175781,7024.0
2022-01-28 14:44:00-05:00,91.30500030517578,91.30500030517578,91.30000305175781,91.30000305175781,91.30000305175781,1952.0
2022-01-28 14:45:00-05:00,91.30500030517578,91.30500030517578,91.30000305175781,91.30500030517578,91.30500030517578,1441.0
2022-01-28 14:46:00-05:00,91.30500030517578,91.30500030517578,91.30000305175781,91.30000305175781,91.30000305175781,1775.0
2022-01-28 14:47:00-05:00,91.29499816894531,91.30000305175781,91.29000091552734,91.29499816894531,91.29499816894531,2565.0
2022-01-28 14:48:00-05:00,91.30000305175781,91.30500030517578,91.2699966430664,91.29499816894531,91.29499816894531,15700.0
2022-01-28 14:49:00-05:00,91.29000091552734,91.30000305175781,91.28500366210938,91.30000305175781,91.30000305175781,6754.0
2022-01-28 14:50:00-05:00,91.30000305175781,91.30000305175781,91.29499816894531,91.29499816894531,91.29499816894531,1883.0
2022-01-28 14:51:00-05:00,91.29499816894531,91.29499816894531,91.2750015258789,91.2750015258789,91.2750015258789,2079.0
2022-01-28 14:52:00-05:00,91.27999877929688,91.27999877929688,91.2699966430664,91.27999877929688,91.27999877929688,3592.0
2022-01-28 14:53:00-05:00,91.27999877929688,91.29000091552734,91.26499938964844,91.26499938964844,91.26499938964844,3910.0
2022-01-28 14:54:00-05:00,91.26499938964844,91.26499938964844,91.26000213623047,91.26499938964844,91.26499938964844,4832.0
2022-01-28 14:55:00-05:00,91.26499938964844,91.30000305175781,91.26000213623047,91.29080200195312,91.29080200195312,6012.0
2022-01-28 14:56:00-05:00,91.30000305175781,91.30000305175781,91.29000091552734,91.29000091552734,91.29000091552734,1969.0
2022-01-28 14:57:00-05:00,91.29000091552734,91.30000305175781,91.29000091552734,91.29000091552734,91.29000091552734,9901.0
2022-01-28 14:58:00-05:00,91.30000305175781,91.30000305175781,91.28500366210938,91.28500366210938,91.28500366210938,4571.0
2022-01-28 14:59:00-05:00,91.28500366210938,91.29000091552734,91.28500366210938,91.29000091552734,91.29000091552734,804.0
2022-01-28 15:00:00-05:00,91.29000091552734,91.30500030517578,91.28500366210938,91.30000305175781,91.30000305175781,10077.0
2022-01-28 15:01:00-05:00,91.28500366210938,91.28500366210938,91.26000213623047,91.26499938964844,91.26499938964844,9330.0
2022-01-28 15:02:00-05:00,91.26499938964844,91.2750015258789,91.26000213623047,91.2750015258789,91.2750015258789,2151.0
2022-01-28 15:03:00-05:00,91.2699966430664,91.27999877929688,91.2699966430664,91.2750015258789,91.2750015258789,4041.0
2022-01-28 15:04:00-05:00,91.2750015258789,91.27999877929688,91.2699966430664,91.2699966430664,91.2699966430664,2453.0
2022-01-28 15:05:00-05:00,91.27999877929688,91.29499816894531,91.27999877929688,91.29499816894531,91.29499816894531,4950.0
2022-01-28 15:06:00-05:00,91.29000091552734,91.30000305175781,91.28500366210938,91.28500366210938,91.28500366210938,2603.0
2022-01-28 15:07:00-05:00,91.28500366210938,91.29000091552734,91.27999877929688,91.27999877929688,91.27999877929688,1022.0
2022-01-28 15:08:00-05:00,91.27999877929688,91.30500030517578,91.27999877929688,91.29000091552734,91.29000091552734,7977.0
2022-01-28 15:09:00-05:00,91.29499816894531,91.29499816894531,91.29499816894531,91.29499816894531,91.29499816894531,100.0
2022-01-28 15:10:00-05:00,91.29000091552734,91.30000305175781,91.27999877929688,91.29000091552734,91.29000091552734,2729.0
2022-01-28 15:11:00-05:00,91.27999877929688,91.29000091552734,91.2699966430664,91.2699966430664,91.2699966430664,5551.0
2022-01-28 15:12:00-05:00,91.2750015258789,91.2750015258789,91.2699966430664,91.2750015258789,91.2750015258789,1537.0
2022-01-28 15:13:00-05:00,91.2699966430664,91.2699966430664,91.26000213623047,91.26499938964844,91.26499938964844,4023.0
2022-01-28 15:14:00-05:00,91.2699966430664,91.28500366210938,91.26499938964844,91.27999877929688,91.27999877929688,5182.0
2022-01-28 15:15:00-05:00,91.2750015258789,91.30500030517578,91.2750015258789,91.30000305175781,91.30000305175781,10643.0
2022-01-28 15:16:00-05:00,91.30000305175781,91.30000305175781,91.28500366210938,91.28500366210938,91.28500366210938,5310.0
2022-01-28 15:17:00-05:00,91.27999877929688,91.29000091552734,91.2750015258789,91.28500366210938,91.28500366210938,4077.0
2022-01-28 15:18:00-05:00,91.28500366210938,91.28500366210938,91.2750015258789,91.27999877929688,91.27999877929688,1486.0
2022-01-28 15:19:00-05:00,91.29000091552734,91.29499816894531,91.28900146484375,91.29499816894531,91.29499816894531,8799.0
2022-01-28 15:20:00-05:00,91.29000091552734,91.30000305175781,91.29000091552734,91.30000305175781,91.30000305175781,6852.0
2022-01-28 15:21:00-05:00,91.30000305175781,91.30999755859375,91.30000305175781,91.30000305175781,91.30000305175781,34052.0
2022-01-28 15:22:00-05:00,91.30000305175781,91.30999755859375,91.30000305175781,91.30000305175781,91.30000305175781,5985.0
2022-01-28 15:23:00-05:00,91.30500030517578,91.30999755859375,91.29000091552734,91.29499816894531,91.29499816894531,7756.0
2022-01-28 15:24:00-05:00,91.29000091552734,91.29000091552734,91.27999877929688,91.29000091552734,91.29000091552734,4076.0
2022-01-28 15:25:00-05:00,91.28500366210938,91.29000091552734,91.27999877929688,91.28500366210938,91.28500366210938,3832.0
2022-01-28 15:26:00-05:00,91.27999877929688,91.29000091552734,91.27999877929688,91.29000091552734,91.29000091552734,3543.0
2022-01-28 15:27:00-05:00,91.29499816894531,91.30500030517578,91.28500366210938,91.30500030517578,91.30500030517578,8241.0
2022-01-28 15:28:00-05:00,91.30500030517578,91.30500030517578,91.30000305175781,91.30500030517578,91.30500030517578,2622.0
2022-01-28 15:29:00-05:00,91.30500030517578,91.31999969482422,91.30000305175781,91.31500244140625,91.31500244140625,5512.0
2022-01-28 15:30:00-05:00,91.31500244140625,91.31999969482422,91.2699966430664,91.2750015258789,91.2750015258789,10954.0
2022-01-28 15:31:00-05:00,91.27999877929688,91.29000091552734,91.2699966430664,91.27999877929688,91.27999877929688,8764.0
2022-01-28 15:32:00-05:00,91.27999877929688,91.30000305175781,91.27999877929688,91.30000305175781,91.30000305175781,6453.0
2022-01-28 15:33:00-05:00,91.30000305175781,91.36000061035156,91.29499816894531,91.33999633789062,91.33999633789062,16181.0
2022-01-28 15:34:00-05:00,91.33999633789062,91.38999938964844,91.33999633789062,91.37999725341797,91.37999725341797,7710.0
2022-01-28 15:35:00-05:00,91.37000274658203,91.37000274658203,91.33499908447266,91.36000061035156,91.36000061035156,4525.0
2022-01-28 15:36:00-05:00,91.37000274658203,91.38999938964844,91.37000274658203,91.38999938964844,91.38999938964844,7878.0
2022-01-28 15:37:00-05:00,91.37999725341797,91.40499877929688,91.37999725341797,91.4000015258789,91.4000015258789,5582.0
2022-01-28 15:38:00-05:00,91.41000366210938,91.41500091552734,91.37999725341797,91.38999938964844,91.38999938964844,7058.0
2022-01-28 15:39:00-05:00,91.38999938964844,91.41999816894531,91.38500213623047,91.38500213623047,91.38500213623047,14034.0
2022-01-28 15:40:00-05:00,91.37999725341797,91.37999725341797,91.34500122070312,91.36000061035156,91.36000061035156,36881.0
2022-01-28 15:41:00-05:00,91.36000061035156,91.375,91.3550033569336,91.375,91.375,4557.0
2022-01-28 15:42:00-05:00,91.37999725341797,91.41000366210938,91.37999725341797,91.4000015258789,91.4000015258789,15998.0
2022-01-28 15:43:00-05:00,91.3949966430664,91.4000015258789,91.37000274658203,91.375,91.375,6665.0
2022-01-28 15:44:00-05:00,91.37000274658203,91.37000274658203,91.36000061035156,91.36000061035156,91.36000061035156,7448.0
2022-01-28 15:45:00-05:00,91.3499984741211,91.36499786376953,91.33000183105469,91.36000061035156,91.36000061035156,11097.0
2022-01-28 15:46:00-05:00,91.3550033569336,91.38500213623047,91.3550033569336,91.375,91.375,3352.0
2022-01-28 15:47:00-05:00,91.37000274658203,91.38500213623047,91.36499786376953,91.37000274658203,91.37000274658203,14071.0
2022-01-28 15:48:00-05:00,91.36499786376953,91.36499786376953,91.33999633789062,91.3499984741211,91.3499984741211,8608.0
2022-01-28 15:49:00-05:00,91.3550033569336,91.37999725341797,91.3407974243164,91.375,91.375,10264.0
2022-01-28 15:50:00-05:00,91.37999725341797,91.4000015258789,91.36499786376953,91.375,91.375,51460.0
2022-01-28 15:51:00-05:00,91.37999725341797,91.40499877929688,91.37999725341797,91.4000015258789,91.4000015258789,19429.0
2022-01-28 15:52:00-05:00,91.4000015258789,91.4000015258789,91.36000061035156,91.37999725341797,91.37999725341797,21496.0
2022-01-28 15:53:00-05:00,91.37000274658203,91.37999725341797,91.29000091552734,91.30999755859375,91.30999755859375,29461.0
2022-01-28 15:54:00-05:00,91.30999755859375,91.4000015258789,91.30999755859375,91.4000015258789,91.4000015258789,25570.0
2022-01-28 15:55:00-05:00,91.4000015258789,91.41000366210938,91.38999938964844,91.4000015258789,91.4000015258789,37203.0
2022-01-28 15:56:00-05:00,91.4000015258789,91.41000366210938,91.37000274658203,91.38500213623047,91.38500213623047,49360.0
2022-01-28 15:57:00-05:00,91.38999938964844,91.4000015258789,91.38500213623047,91.38999938964844,91.38999938964844,21525.0
2022-01-28 15:58:00-05:00,91.38999938964844,91.40499877929688,91.38999938964844,91.4000015258789,91.4000015258789,44140.0
2022-01-28 15:59:00-05:00,91.4000015258789,91.41000366210938,91.38999938964844,91.4000015258789,91.4000015258789,48176.0
2022-01-31 14:09:15-05:00,91.19499969482422,91.19499969482422,91.19499969482422,91.19499969482422,91.19499969482422,0.0
2022-01-31 09:30:00-05:00,91.31999969482422,91.48999786376953,91.29000091552734,91.3499984741211,91.3499984741211,112740.0
2022-01-31 09:31:00-05:00,91.33999633789062,91.41999816894531,91.33000183105469,91.40499877929688,91.40499877929688,24686.0
2022-01-31 09:32:00-05:00,91.40499877929688,91.4800033569336,91.4000015258789,91.44000244140625,91.44000244140625,20037.0
2022-01-31 09:33:00-05:00,91.43000030517578,91.44999694824219,91.30999755859375,91.30999755859375,91.30999755859375,20879.0
2022-01-31 09:34:00-05:00,91.30000305175781,91.30500030517578,91.29499816894531,91.30000305175781,91.30000305175781,27195.0
2022-01-31 09:35:00-05:00,91.26000213623047,91.29000091552734,91.25499725341797,91.28500366210938,91.28500366210938,23560.0
2022-01-31 09:36:00-05:00,91.27999877929688,91.30999755859375,91.25,91.30999755859375,91.30999755859375,23186.0
2022-01-31 09:37:00-05:00,91.2699966430664,91.2699966430664,91.25980377197266,91.26499938964844,91.26499938964844,38418.0
2022-01-31 09:38:00-05:00,91.25,91.26000213623047,91.24500274658203,91.25,91.25,19137.0
2022-01-31 09:39:00-05:00,91.26000213623047,91.26000213623047,91.2249984741211,91.2249984741211,91.2249984741211,23763.0
2022-01-31 09:40:00-05:00,91.2249984741211,91.29000091552734,91.20500183105469,91.28500366210938,91.28500366210938,59036.0
2022-01-31 09:41:00-05:00,91.29499816894531,91.33999633789062,91.29000091552734,91.33499908447266,91.33499908447266,54463.0
2022-01-31 09:42:00-05:00,91.33999633789062,91.3550033569336,91.33999633789062,91.3550033569336,91.3550033569336,31485.0
2022-01-31 09:43:00-05:00,91.33999633789062,91.375,91.33999633789062,91.375,91.375,18132.0
2022-01-31 09:44:00-05:00,91.38500213623047,91.38500213623047,91.37999725341797,91.37999725341797,91.37999725341797,34766.0
2022-01-31 09:45:00-05:00,91.37000274658203,91.37000274658203,91.33999633789062,91.34500122070312,91.34500122070312,9769.0
2022-01-31 09:46:00-05:00,91.33999633789062,91.33999633789062,91.32499694824219,91.32499694824219,91.32499694824219,17183.0
2022-01-31 09:47:00-05:00,91.33999633789062,91.33999633789062,91.30999755859375,91.31999969482422,91.31999969482422,15051.0
2022-01-31 09:48:00-05:00,91.33000183105469,91.36000061035156,91.33000183105469,91.34500122070312,91.34500122070312,12799.0
2022-01-31 09:49:00-05:00,91.33999633789062,91.3499984741211,91.31999969482422,91.31999969482422,91.31999969482422,9884.0
2022-01-31 09:50:00-05:00,91.31500244140625,91.31500244140625,91.30000305175781,91.30000305175781,91.30000305175781,7993.0
2022-01-31 09:51:00-05:00,91.30500030517578,91.30500030517578,91.27999877929688,91.29499816894531,91.29499816894531,15026.0
2022-01-31 09:52:00-05:00,91.29499816894531,91.29499816894531,91.28410339355469,91.28410339355469,91.28410339355469,7144.0
2022-01-31 09:53:00-05:00,91.29000091552734,91.30000305175781,91.27999877929688,91.29000091552734,91.29000091552734,15981.0
2022-01-31 09:54:00-05:00,91.29499816894531,91.29499816894531,91.25,91.26000213623047,91.26000213623047,48628.0
2022-01-31 09:55:00-05:00,91.25,91.2699966430664,91.25,91.2699966430664,91.2699966430664,24299.0
2022-01-31 09:56:00-05:00,91.2750015258789,91.30000305175781,91.2750015258789,91.30000305175781,91.30000305175781,21197.0
2022-01-31 09:57:00-05:00,91.29499816894531,91.31500244140625,91.29000091552734,91.30000305175781,91.30000305175781,29094.0
2022-01-31 09:58:00-05:00,91.30000305175781,91.30000305175781,91.30000305175781,91.30000305175781,91.30000305175781,26488.0
2022-01-31 09:59:00-05:00,91.30000305175781,91.31700134277344,91.29000091552734,91.31700134277344,91.31700134277344,16434.0
2022-01-31 10:00:00-05:00,91.31700134277344,91.31999969482422,91.30999755859375,91.31999969482422,91.31999969482422,19076.0
2022-01-31 10:01:00-05:00,91.32499694824219,91.33000183105469,91.31999969482422,91.31999969482422,91.31999969482422,1362.0
2022-01-31 10:02:00-05:00,91.31999969482422,91.31999969482422,91.29499816894531,91.30999755859375,91.30999755859375,27167.0
2022-01-31 10:03:00-05:00,91.31500244140625,91.31999969482422,91.29000091552734,91.30000305175781,91.30000305175781,17706.0
2022-01-31 10:04:00-05:00,91.30500030517578,91.30999755859375,91.30000305175781,91.30500030517578,91.30500030517578,4393.0
2022-01-31 10:05:00-05:00,91.30500030517578,91.30999755859375,91.29000091552734,91.30500030517578,91.30500030517578,20687.0
2022-01-31 10:06:00-05:00,91.30750274658203,91.30999755859375,91.29000091552734,91.30500030517578,91.30500030517578,16523.0
2022-01-31 10:07:00-05:00,91.30999755859375,91.30999755859375,91.29000091552734,91.29499816894531,91.29499816894531,13391.0
2022-01-31 10:08:00-05:00,91.29499816894531,91.31500244140625,91.29499816894531,91.30999755859375,91.30999755859375,12680.0
2022-01-31 10:09:00-05:00,91.31500244140625,91.31999969482422,91.30999755859375,91.31500244140625,91.31500244140625,5975.0
2022-01-31 10:10:00-05:00,91.31500244140625,91.33000183105469,91.30000305175781,91.30999755859375,91.30999755859375,24944.0
2022-01-31 10:11:00-05:00,91.31500244140625,91.31500244140625,91.29499816894531,91.30000305175781,91.30000305175781,20823.0
2022-01-31 10:12:00-05:00,91.30500030517578,91.31999969482422,91.30000305175781,91.31500244140625,91.31500244140625,11572.0
2022-01-31 10:13:00-05:00,91.31500244140625,91.3270034790039,91.29499816894531,91.29499816894531,91.29499816894531,12491.0
2022-01-31 10:14:00-05:00,91.29499816894531,91.29499816894531,91.29000091552734,91.29000091552734,91.29000091552734,5914.0
2022-01-31 10:15:00-05:00,91.29499816894531,91.30000305175781,91.29000091552734,91.29000091552734,91.29000091552734,5615.0
2022-01-31 10:16:00-05:00,91.29499816894531,91.29499816894531,91.2699966430664,91.2750015258789,91.2750015258789,10506.0
2022-01-31 10:17:00-05:00,91.2750015258789,91.2750015258789,91.26000213623047,91.26000213623047,91.26000213623047,8818.0
2022-01-31 10:18:00-05:00,91.26439666748047,91.2699966430664,91.26000213623047,91.26499938964844,91.26499938964844,6002.0
2022-01-31 10:19:00-05:00,91.26499938964844,91.26499938964844,91.25420379638672,91.25420379638672,91.25420379638672,14534.0
2022-01-31 10:20:00-05:00,91.25,91.25499725341797,91.25,91.25,91.25,27734.0
2022-01-31 10:21:00-05:00,91.25499725341797,91.26000213623047,91.24500274658203,91.24500274658203,91.24500274658203,5160.0
2022-01-31 10:22:00-05:00,91.24500274658203,91.25,91.22000122070312,91.22000122070312,91.22000122070312,13768.0
2022-01-31 10:23:00-05:00,91.22000122070312,91.23500061035156,91.22000122070312,91.2300033569336,91.2300033569336,6657.0
2022-01-31 10:24:00-05:00,91.2300033569336,91.2300033569336,91.22000122070312,91.22200012207031,91.22200012207031,3052.0
2022-01-31 10:25:00-05:00,91.22000122070312,91.22000122070312,91.19999694824219,91.20999908447266,91.20999908447266,34755.0
2022-01-31 10:26:00-05:00,91.20999908447266,91.22000122070312,91.19999694824219,91.22000122070312,91.22000122070312,14506.0
2022-01-31 10:27:00-05:00,91.22000122070312,91.26000213623047,91.22000122070312,91.25499725341797,91.25499725341797,12097.0
2022-01-31 10:28:00-05:00,91.25499725341797,91.26000213623047,91.22000122070312,91.22000122070312,91.22000122070312,11816.0
2022-01-31 10:29:00-05:00,91.22000122070312,91.22000122070312,91.19999694824219,91.19999694824219,91.19999694824219,17016.0
2022-01-31 10:30:00-05:00,91.20500183105469,91.23999786376953,91.19999694824219,91.23500061035156,91.23500061035156,23126.0
2022-01-31 10:31:00-05:00,91.23500061035156,91.23999786376953,91.20999908447266,91.20999908447266,91.20999908447266,6795.0
2022-01-31 10:32:00-05:00,91.20999908447266,91.21499633789062,91.19999694824219,91.19999694824219,91.19999694824219,9143.0
2022-01-31 10:33:00-05:00,91.20010375976562,91.20999908447266,91.19999694824219,91.20500183105469,91.20500183105469,14968.0
2022-01-31 10:34:00-05:00,91.19999694824219,91.20500183105469,91.16000366210938,91.16000366210938,91.16000366210938,14030.0
2022-01-31 10:35:00-05:00,91.16000366210938,91.16000366210938,91.13999938964844,91.1449966430664,91.1449966430664,23701.0
2022-01-31 10:36:00-05:00,91.1449966430664,91.16000366210938,91.1449966430664,91.15499877929688,91.15499877929688,12123.0
2022-01-31 10:37:00-05:00,91.15499877929688,91.16500091552734,91.1500015258789,91.1500015258789,91.1500015258789,8668.0
2022-01-31 10:38:00-05:00,91.1500015258789,91.15499877929688,91.11000061035156,91.11000061035156,91.11000061035156,12180.0
2022-01-31 10:39:00-05:00,91.11000061035156,91.11499786376953,91.11000061035156,91.11000061035156,91.11000061035156,10618.0
2022-01-31 10:40:00-05:00,91.11000061035156,91.12000274658203,91.11000061035156,91.11499786376953,91.11499786376953,8527.0
2022-01-31 10:41:00-05:00,91.11000061035156,91.1500015258789,91.11000061035156,91.13500213623047,91.13500213623047,18304.0
2022-01-31 10:42:00-05:00,91.13500213623047,91.13500213623047,91.12000274658203,91.12000274658203,91.12000274658203,2618.0
2022-01-31 10:43:00-05:00,91.12000274658203,91.12999725341797,91.11000061035156,91.11499786376953,91.11499786376953,9452.0
2022-01-31 10:44:00-05:00,91.11000061035156,91.1500015258789,91.11000061035156,91.1449966430664,91.1449966430664,25768.0
2022-01-31 10:45:00-05:00,91.1449966430664,91.1500015258789,91.13999938964844,91.13999938964844,91.13999938964844,8895.0
2022-01-31 10:46:00-05:00,91.12999725341797,91.13999938964844,91.12000274658203,91.12000274658203,91.12000274658203,7050.0
2022-01-31 10:47:00-05:00,91.12000274658203,91.125,91.11000061035156,91.12000274658203,91.12000274658203,18979.0
2022-01-31 10:48:00-05:00,91.11499786376953,91.12000274658203,91.0999984741211,91.0999984741211,91.0999984741211,30795.0
2022-01-31 10:49:00-05:00,91.0999984741211,91.13500213623047,91.08499908447266,91.08499908447266,91.08499908447266,34460.0
2022-01-31 10:50:00-05:00,91.08000183105469,91.08280181884766,91.05000305175781,91.05000305175781,91.05000305175781,20932.0
2022-01-31 10:51:00-05:00,91.05500030517578,91.08000183105469,91.05000305175781,91.08000183105469,91.08000183105469,37276.0
2022-01-31 10:52:00-05:00,91.07499694824219,91.11000061035156,91.06999969482422,91.1050033569336,91.1050033569336,11418.0
2022-01-31 10:53:00-05:00,91.11000061035156,91.12999725341797,91.06999969482422,91.06999969482422,91.06999969482422,11599.0
2022-01-31 10:54:00-05:00,91.07499694824219,91.07499694824219,91.06500244140625,91.07499694824219,91.07499694824219,9959.0
2022-01-31 10:55:00-05:00,91.06999969482422,91.06999969482422,91.05999755859375,91.05999755859375,91.05999755859375,12784.0
2022-01-31 10:56:00-05:00,91.06500244140625,91.08999633789062,91.05999755859375,91.08000183105469,91.08000183105469,10836.0
2022-01-31 10:57:00-05:00,91.08999633789062,91.125,91.08000183105469,91.12000274658203,91.12000274658203,21581.0
2022-01-31 10:58:00-05:00,91.12999725341797,91.13500213623047,91.12000274658203,91.125,91.125,19058.0
2022-01-31 10:59:00-05:00,91.125,91.12999725341797,91.12000274658203,91.125,91.125,5501.0
2022-01-31 11:00:00-05:00,91.1272964477539,91.12999725341797,91.12000274658203,91.125,91.125,2652.0
2022-01-31 11:01:00-05:00,91.08499908447266,91.08499908447266,91.08000183105469,91.08000183105469,91.08000183105469,15959.0
2022-01-31 11:02:00-05:00,91.08499908447266,91.08999633789062,91.08000183105469,91.08820343017578,91.08820343017578,6872.0
2022-01-31 11:03:00-05:00,91.08999633789062,91.09500122070312,91.08000183105469,91.08999633789062,91.08999633789062,13400.0
2022-01-31 11:04:00-05:00,91.08499908447266,91.08999633789062,91.06999969482422,91.0873031616211,91.0873031616211,14190.0
2022-01-31 11:05:00-05:00,91.08999633789062,91.12000274658203,91.08999633789062,91.11000061035156,91.11000061035156,9221.0
2022-01-31 11:06:00-05:00,91.12000274658203,91.12000274658203,91.08999633789062,91.09500122070312,91.09500122070312,12138.0
2022-01-31 11:07:00-05:00,91.09500122070312,91.0999984741211,91.08499908447266,91.09500122070312,91.09500122070312,9217.0
2022-01-31 11:08:00-05:00,91.08999633789062,91.12999725341797,91.08999633789062,91.125,91.125,24254.0
2022-01-31 11:09:00-05:00,91.125,91.12999725341797,91.12000274658203,91.125,91.125,12293.0
2022-01-31 11:10:00-05:00,91.12000274658203,91.12999725341797,91.11499786376953,91.11499786376953,91.11499786376953,9159.0
2022-01-31 11:11:00-05:00,91.11499786376953,91.11499786376953,91.08999633789062,91.09700012207031,91.09700012207031,31337.0
2022-01-31 11:12:00-05:00,91.09500122070312,91.0999984741211,91.09500122070312,91.09700012207031,91.09700012207031,6776.0
2022-01-31 11:13:00-05:00,91.09500122070312,91.12999725341797,91.09500122070312,91.0999984741211,91.0999984741211,13654.0
2022-01-31 11:14:00-05:00,91.0999984741211,91.11000061035156,91.08999633789062,91.08999633789062,91.08999633789062,5054.0
2022-01-31 11:15:00-05:00,91.08999633789062,91.0999984741211,91.08999633789062,91.08999633789062,91.08999633789062,15020.0
2022-01-31 11:16:00-05:00,91.08999633789062,91.0999984741211,91.08999633789062,91.09500122070312,91.09500122070312,10224.0
2022-01-31 11:17:00-05:00,91.08999633789062,91.1050033569336,91.08999633789062,91.0999984741211,91.0999984741211,20833.0
2022-01-31 11:18:00-05:00,91.0999984741211,91.1050033569336,91.08999633789062,91.08999633789062,91.08999633789062,5784.0
2022-01-31 11:19:00-05:00,91.08999633789062,91.0999984741211,91.08000183105469,91.08000183105469,91.08000183105469,24248.0
2022-01-31 11:20:00-05:00,91.08000183105469,91.08999633789062,91.05999755859375,91.08000183105469,91.08000183105469,29051.0
2022-01-31 11:21:00-05:00,91.08000183105469,91.11000061035156,91.06999969482422,91.11000061035156,91.11000061035156,28691.0
2022-01-31 11:22:00-05:00,91.1050033569336,91.11000061035156,91.0999984741211,91.0999984741211,91.0999984741211,9611.0
2022-01-31 11:23:00-05:00,91.0999984741211,91.0999984741211,91.06999969482422,91.06999969482422,91.06999969482422,13866.0
2022-01-31 11:24:00-05:00,91.07499694824219,91.07499694824219,91.06999969482422,91.07499694824219,91.07499694824219,8072.0
2022-01-31 11:25:00-05:00,91.08000183105469,91.08000183105469,91.06999969482422,91.06999969482422,91.06999969482422,7366.0
2022-01-31 11:26:00-05:00,91.06999969482422,91.07499694824219,91.06999969482422,91.06999969482422,91.06999969482422,9944.0
2022-01-31 11:27:00-05:00,91.06999969482422,91.08000183105469,91.06999969482422,91.06999969482422,91.06999969482422,7472.0
2022-01-31 11:28:00-05:00,91.07499694824219,91.08999633789062,91.06999969482422,91.08000183105469,91.08000183105469,8323.0
2022-01-31 11:29:00-05:00,91.08499908447266,91.08499908447266,91.06999969482422,91.07499694824219,91.07499694824219,10204.0
2022-01-31 11:30:00-05:00,91.08000183105469,91.11000061035156,91.08000183105469,91.11000061035156,91.11000061035156,11509.0
2022-01-31 11:31:00-05:00,91.1050033569336,91.11000061035156,91.1050033569336,91.1050033569336,91.1050033569336,4620.0
2022-01-31 11:32:00-05:00,91.1050033569336,91.11000061035156,91.0999984741211,91.0999984741211,91.0999984741211,3139.0
2022-01-31 11:33:00-05:00,91.1050033569336,91.11000061035156,91.09500122070312,91.09500122070312,91.09500122070312,8212.0
2022-01-31 11:34:00-05:00,91.09500122070312,91.0999984741211,91.08999633789062,91.09500122070312,91.09500122070312,10375.0
2022-01-31 11:35:00-05:00,91.09500122070312,91.09500122070312,91.08000183105469,91.08499908447266,91.08499908447266,13815.0
2022-01-31 11:36:00-05:00,91.08499908447266,91.11000061035156,91.08000183105469,91.11000061035156,91.11000061035156,15039.0
2022-01-31 11:37:00-05:00,91.1050033569336,91.11000061035156,91.1050033569336,91.1050033569336,91.1050033569336,1630.0
2022-01-31 11:38:00-05:00,91.1050033569336,91.11000061035156,91.0999984741211,91.0999984741211,91.0999984741211,9021.0
2022-01-31 11:39:00-05:00,91.1050033569336,91.11000061035156,91.0999984741211,91.11000061035156,91.11000061035156,8965.0
2022-01-31 11:40:00-05:00,91.11000061035156,91.11000061035156,91.10310363769531,91.1082992553711,91.1082992553711,9784.0
2022-01-31 11:41:00-05:00,91.0999984741211,91.1072998046875,91.0999984741211,91.1050033569336,91.1050033569336,3228.0
2022-01-31 11:42:00-05:00,91.0999984741211,91.11000061035156,91.0999984741211,91.0999984741211,91.0999984741211,3142.0
2022-01-31 11:43:00-05:00,91.1050033569336,91.11000061035156,91.0999984741211,91.1050033569336,91.1050033569336,6955.0
2022-01-31 11:44:00-05:00,91.1050033569336,91.11000061035156,91.0999984741211,91.0999984741211,91.0999984741211,15453.0
2022-01-31 11:45:00-05:00,91.11000061035156,91.11000061035156,91.0999984741211,91.11000061035156,91.11000061035156,4781.0
2022-01-31 11:46:00-05:00,91.0999984741211,91.1050033569336,91.08499908447266,91.08499908447266,91.08499908447266,19614.0
2022-01-31 11:47:00-05:00,91.08499908447266,91.0999984741211,91.08000183105469,91.09500122070312,91.09500122070312,9778.0
2022-01-31 11:48:00-05:00,91.0999984741211,91.0999984741211,91.08999633789062,91.09500122070312,91.09500122070312,6422.0
2022-01-31 11:49:00-05:00,91.09500122070312,91.11000061035156,91.09500122070312,91.11000061035156,91.11000061035156,5301.0
2022-01-31 11:50:00-05:00,91.11000061035156,91.12000274658203,91.0999984741211,91.11499786376953,91.11499786376953,10225.0
2022-01-31 11:51:00-05:00,91.11499786376953,91.12999725341797,91.11000061035156,91.12999725341797,91.12999725341797,5109.0
2022-01-31 11:52:00-05:00,91.12000274658203,91.12000274658203,91.11000061035156,91.11000061035156,91.11000061035156,6599.0
2022-01-31 11:53:00-05:00,91.11000061035156,91.11000061035156,91.1050033569336,91.1050033569336,91.1050033569336,2076.0
2022-01-31 11:54:00-05:00,91.1050033569336,91.11000061035156,91.09500122070312,91.11000061035156,91.11000061035156,7472.0
2022-01-31 11:55:00-05:00,91.0999984741211,91.1050033569336,91.09500122070312,91.0999984741211,91.0999984741211,9290.0
2022-01-31 11:56:00-05:00,91.0999984741211,91.11000061035156,91.09500122070312,91.0999984741211,91.0999984741211,13474.0
2022-01-31 11:57:00-05:00,91.1050033569336,91.11000061035156,91.1050033569336,91.1050033569336,91.1050033569336,6361.0
2022-01-31 11:58:00-05:00,91.11000061035156,91.125,91.11000061035156,91.125,91.125,9884.0
2022-01-31 11:59:00-05:00,91.12000274658203,91.125,91.12000274658203,91.125,91.125,1179.0
2022-01-31 12:00:00-05:00,91.125,91.125,91.12000274658203,91.12000274658203,91.12000274658203,5073.0
2022-01-31 12:02:00-05:00,91.11000061035156,91.11499786376953,91.0999984741211,91.1050033569336,91.1050033569336,6435.0
2022-01-31 12:03:00-05:00,91.1050033569336,91.10700225830078,91.08999633789062,91.09500122070312,91.09500122070312,12358.0
2022-01-31 12:04:00-05:00,91.09500122070312,91.0999984741211,91.08999633789062,91.09500122070312,91.09500122070312,5923.0
2022-01-31 12:05:00-05:00,91.09200286865234,91.09500122070312,91.09200286865234,91.09500122070312,91.09500122070312,1611.0
2022-01-31 12:06:00-05:00,91.08999633789062,91.0999984741211,91.08999633789062,91.09500122070312,91.09500122070312,7013.0
2022-01-31 12:07:00-05:00,91.09500122070312,91.0999984741211,91.08999633789062,91.09500122070312,91.09500122070312,1710.0
2022-01-31 12:08:00-05:00,91.08999633789062,91.0999984741211,91.08999633789062,91.09500122070312,91.09500122070312,4032.0
2022-01-31 12:09:00-05:00,91.09500122070312,91.09500122070312,91.08999633789062,91.08999633789062,91.08999633789062,1789.0
2022-01-31 12:10:00-05:00,91.09500122070312,91.09500122070312,91.08999633789062,91.09500122070312,91.09500122070312,3767.0
2022-01-31 12:11:00-05:00,91.09500122070312,91.09500122070312,91.07499694824219,91.08000183105469,91.08000183105469,23576.0
2022-01-31 12:12:00-05:00,91.07499694824219,91.1050033569336,91.07499694824219,91.0999984741211,91.0999984741211,13621.0
2022-01-31 12:13:00-05:00,91.1050033569336,91.11000061035156,91.0999984741211,91.1050033569336,91.1050033569336,11780.0
2022-01-31 12:14:00-05:00,91.0999984741211,91.0999984741211,91.08999633789062,91.0999984741211,91.0999984741211,11972.0
2022-01-31 12:15:00-05:00,91.09500122070312,91.0999984741211,91.08999633789062,91.09500122070312,91.09500122070312,6466.0
2022-01-31 12:16:00-05:00,91.09500122070312,91.09500122070312,91.08999633789062,91.09500122070312,91.09500122070312,4306.0
2022-01-31 12:17:00-05:00,91.09500122070312,91.09500122070312,91.09200286865234,91.09500122070312,91.09500122070312,2515.0
2022-01-31 12:18:00-05:00,91.09500122070312,91.0999984741211,91.08499908447266,91.08499908447266,91.08499908447266,9920.0
2022-01-31 12:19:00-05:00,91.08499908447266,91.08999633789062,91.08000183105469,91.08000183105469,91.08000183105469,4124.0
2022-01-31 12:20:00-05:00,91.08499908447266,91.08999633789062,91.08000183105469,91.08499908447266,91.08499908447266,2207.0
2022-01-31 12:21:00-05:00,91.08499908447266,91.08499908447266,91.06999969482422,91.06999969482422,91.06999969482422,23710.0
2022-01-31 12:22:00-05:00,91.07499694824219,91.08999633789062,91.06999969482422,91.08499908447266,91.08499908447266,11741.0
2022-01-31 12:23:00-05:00,91.08499908447266,91.08499908447266,91.06999969482422,91.07499694824219,91.07499694824219,10617.0
2022-01-31 12:24:00-05:00,91.07499694824219,91.07499694824219,91.06999969482422,91.07499694824219,91.07499694824219,8715.0
2022-01-31 12:25:00-05:00,91.06999969482422,91.06999969482422,91.04000091552734,91.06500244140625,91.06500244140625,44394.0
2022-01-31 12:26:00-05:00,91.06999969482422,91.06999969482422,91.05999755859375,91.06500244140625,91.06500244140625,5442.0
2022-01-31 12:27:00-05:00,91.05999755859375,91.06500244140625,91.05000305175781,91.05000305175781,91.05000305175781,7352.0
2022-01-31 12:28:00-05:00,91.05000305175781,91.05000305175781,91.04499816894531,91.04499816894531,91.04499816894531,11496.0
2022-01-31 12:29:00-05:00,91.04000091552734,91.05049896240234,91.04000091552734,91.05049896240234,91.05049896240234,7980.0
2022-01-31 12:30:00-05:00,91.05999755859375,91.06999969482422,91.05999755859375,91.06999969482422,91.06999969482422,4657.0
2022-01-31 12:31:00-05:00,91.06500244140625,91.08000183105469,91.05999755859375,91.08000183105469,91.08000183105469,13453.0
2022-01-31 12:32:00-05:00,91.08499908447266,91.08499908447266,91.08000183105469,91.08000183105469,91.08000183105469,4884.0
2022-01-31 12:33:00-05:00,91.06999969482422,91.07240295410156,91.05999755859375,91.05999755859375,91.05999755859375,10209.0
2022-01-31 12:34:00-05:00,91.05999755859375,91.06500244140625,91.05999755859375,91.05999755859375,91.05999755859375,6352.0
2022-01-31 12:35:00-05:00,91.05999755859375,91.06999969482422,91.05999755859375,91.06500244140625,91.06500244140625,5390.0
2022-01-31 12:36:00-05:00,91.05999755859375,91.06500244140625,91.05999755859375,91.05999755859375,91.05999755859375,5533.0
2022-01-31 12:37:00-05:00,91.06500244140625,91.06500244140625,91.05999755859375,91.05999755859375,91.05999755859375,15787.0
2022-01-31 12:38:00-05:00,91.05999755859375,91.06500244140625,91.05000305175781,91.05000305175781,91.05000305175781,9047.0
2022-01-31 12:39:00-05:00,91.05500030517578,91.05999755859375,91.05500030517578,91.05500030517578,91.05500030517578,14938.0
2022-01-31 12:40:00-05:00,91.05000305175781,91.05500030517578,91.05000305175781,91.05000305175781,91.05000305175781,4163.0
2022-01-31 12:41:00-05:00,91.05000305175781,91.05500030517578,91.05000305175781,91.05000305175781,91.05000305175781,13914.0
2022-01-31 12:42:00-05:00,91.05000305175781,91.05999755859375,91.04000091552734,91.04000091552734,91.04000091552734,20868.0
2022-01-31 12:43:00-05:00,91.04499816894531,91.04499816894531,91.04000091552734,91.04000091552734,91.04000091552734,4720.0
2022-01-31 12:44:00-05:00,91.04000091552734,91.04499816894531,91.04000091552734,91.04000091552734,91.04000091552734,2316.0
2022-01-31 12:45:00-05:00,91.04499816894531,91.04499816894531,91.01000213623047,91.0199966430664,91.0199966430664,29527.0
2022-01-31 12:46:00-05:00,91.0199966430664,91.0250015258789,91.01000213623047,91.01000213623047,91.01000213623047,18220.0
2022-01-31 12:47:00-05:00,91.01000213623047,91.01499938964844,90.99500274658203,91.0,91.0,45318.0
2022-01-31 12:48:00-05:00,91.0,91.00499725341797,90.9749984741211,90.9749984741211,90.9749984741211,45102.0
2022-01-31 12:49:00-05:00,90.9749984741211,90.9749984741211,90.94000244140625,90.94000244140625,90.94000244140625,16323.0
2022-01-31 12:50:00-05:00,90.94000244140625,90.98999786376953,90.94000244140625,90.98999786376953,90.98999786376953,104296.0
2022-01-31 12:51:00-05:00,90.98999786376953,91.0,90.98999786376953,90.99500274658203,90.99500274658203,2873.0
2022-01-31 12:52:00-05:00,90.99500274658203,91.00499725341797,90.99500274658203,91.00499725341797,91.00499725341797,10961.0
2022-01-31 12:53:00-05:00,91.01000213623047,91.0199966430664,91.0,91.0199966430664,91.0199966430664,22757.0
2022-01-31 12:54:00-05:00,91.01499938964844,91.0199966430664,91.00499725341797,91.01499938964844,91.01499938964844,22553.0
2022-01-31 12:55:00-05:00,91.0199966430664,91.04000091552734,91.0199966430664,91.02999877929688,91.02999877929688,6877.0
2022-01-31 12:56:00-05:00,91.03500366210938,91.04000091552734,91.03500366210938,91.03500366210938,91.03500366210938,1381.0
2022-01-31 12:57:00-05:00,91.03500366210938,91.05999755859375,91.03500366210938,91.05999755859375,91.05999755859375,15754.0
2022-01-31 12:58:00-05:00,91.05999755859375,91.06500244140625,91.05000305175781,91.05000305175781,91.05000305175781,6813.0
2022-01-31 12:59:00-05:00,91.05000305175781,91.05500030517578,91.05000305175781,91.05000305175781,91.05000305175781,2659.0
2022-01-31 13:00:00-05:00,91.04499816894531,91.05999755859375,91.04499816894531,91.05000305175781,91.05000305175781,11014.0
2022-01-31 13:02:00-05:00,91.06500244140625,91.06500244140625,91.05000305175781,91.05500030517578,91.05500030517578,17348.0
2022-01-31 13:03:00-05:00,91.05000305175781,91.05000305175781,91.0199966430664,91.0250015258789,91.0250015258789,17872.0
2022-01-31 13:04:00-05:00,91.02999877929688,91.02999877929688,91.0199966430664,91.0250015258789,91.0250015258789,4328.0
2022-01-31 13:05:00-05:00,91.0199966430664,91.02999877929688,91.0199966430664,91.02999877929688,91.02999877929688,2069.0
2022-01-31 13:06:00-05:00,91.0199966430664,91.0250015258789,91.0199966430664,91.0199966430664,91.0199966430664,2255.0
2022-01-31 13:07:00-05:00,91.02999877929688,91.02999877929688,91.0199966430664,91.0250015258789,91.0250015258789,5520.0
2022-01-31 13:08:00-05:00,91.0250015258789,91.0250015258789,91.0250015258789,91.0250015258789,91.0250015258789,1233.0
2022-01-31 13:09:00-05:00,91.02999877929688,91.04499816894531,91.0250015258789,91.04499816894531,91.04499816894531,11105.0
2022-01-31 13:10:00-05:00,91.04499816894531,91.08999633789062,91.0,91.08499908447266,91.08499908447266,96021.0
2022-01-31 13:11:00-05:00,91.08000183105469,91.08499908447266,91.0,91.02069854736328,91.02069854736328,219746.0
2022-01-31 13:12:00-05:00,91.02999877929688,91.03500366210938,91.02999877929688,91.03500366210938,91.03500366210938,2511.0
2022-01-31 13:13:00-05:00,91.03500366210938,91.05000305175781,91.03500366210938,91.04000091552734,91.04000091552734,3694.0
2022-01-31 13:14:00-05:00,91.03500366210938,91.05000305175781,91.03500366210938,91.04499816894531,91.04499816894531,4024.0
2022-01-31 13:15:00-05:00,91.05000305175781,91.05000305175781,91.03009796142578,91.03009796142578,91.03009796142578,5141.0
2022-01-31 13:16:00-05:00,91.04000091552734,91.04499816894531,91.03500366210938,91.04000091552734,91.04000091552734,2937.0
2022-01-31 13:17:00-05:00,91.05500030517578,91.05999755859375,91.05500030517578,91.05500030517578,91.05500030517578,1219.0
2022-01-31 13:18:00-05:00,91.05500030517578,91.06500244140625,91.05500030517578,91.05999755859375,91.05999755859375,4344.0
2022-01-31 13:19:00-05:00,91.06500244140625,91.06500244140625,91.06500244140625,91.06500244140625,91.06500244140625,1670.0
2022-01-31 13:20:00-05:00,91.05999755859375,91.06999969482422,91.05999755859375,91.06500244140625,91.06500244140625,3304.0
2022-01-31 13:21:00-05:00,91.06500244140625,91.0999984741211,91.06500244140625,91.0999984741211,91.0999984741211,49164.0
2022-01-31 13:22:00-05:00,91.0999984741211,91.1050033569336,91.0999984741211,91.1050033569336,91.1050033569336,4208.0
2022-01-31 13:23:00-05:00,91.1050033569336,91.11000061035156,91.0999984741211,91.1050033569336,91.1050033569336,5165.0
2022-01-31 13:24:00-05:00,91.11000061035156,91.11000061035156,91.0999984741211,91.1050033569336,91.1050033569336,1303.0
2022-01-31 13:25:00-05:00,91.1050033569336,91.11000061035156,91.09500122070312,91.11000061035156,91.11000061035156,18348.0
2022-01-31 13:26:00-05:00,91.1050033569336,91.13500213623047,91.0999984741211,91.11499786376953,91.11499786376953,13396.0
2022-01-31 13:27:00-05:00,91.11000061035156,91.12000274658203,91.0999984741211,91.11499786376953,91.11499786376953,2872.0
2022-01-31 13:28:00-05:00,91.12000274658203,91.13999938964844,91.12000274658203,91.13999938964844,91.13999938964844,3535.0
2022-01-31 13:29:00-05:00,91.1500015258789,91.1500015258789,91.12999725341797,91.12999725341797,91.12999725341797,6544.0
2022-01-31 13:30:00-05:00,91.13500213623047,91.13500213623047,91.13500213623047,91.13500213623047,91.13500213623047,843.0
2022-01-31 13:31:00-05:00,91.12999725341797,91.12999725341797,91.0999984741211,91.1050033569336,91.1050033569336,19633.0
2022-01-31 13:32:00-05:00,91.0999984741211,91.11000061035156,91.0999984741211,91.1050033569336,91.1050033569336,3802.0
2022-01-31 13:33:00-05:00,91.0999984741211,91.1050033569336,91.0999984741211,91.1050033569336,91.1050033569336,2911.0
2022-01-31 13:34:00-05:00,91.1050033569336,91.11000061035156,91.09500122070312,91.09500122070312,91.09500122070312,9484.0
2022-01-31 13:35:00-05:00,91.09500122070312,91.0999984741211,91.08999633789062,91.09500122070312,91.09500122070312,6098.0
2022-01-31 13:36:00-05:00,91.0999984741211,91.0999984741211,91.09500122070312,91.09500122070312,91.09500122070312,3471.0
2022-01-31 13:37:00-05:00,91.09500122070312,91.0999984741211,91.08999633789062,91.09500122070312,91.09500122070312,2105.0
2022-01-31 13:38:00-05:00,91.09500122070312,91.12000274658203,91.08999633789062,91.0999984741211,91.0999984741211,13489.0
2022-01-31 13:39:00-05:00,91.1050033569336,91.1050033569336,91.1050033569336,91.1050033569336,91.1050033569336,500.0
2022-01-31 13:40:00-05:00,91.0999984741211,91.1050033569336,91.0999984741211,91.1050033569336,91.1050033569336,3107.0
2022-01-31 13:41:00-05:00,91.0999984741211,91.1050033569336,91.0999984741211,91.1050033569336,91.1050033569336,2379.0
2022-01-31 13:42:00-05:00,91.0999984741211,91.0999984741211,91.06500244140625,91.06500244140625,91.06500244140625,8670.0
2022-01-31 13:43:00-05:00,91.06500244140625,91.06999969482422,91.05999755859375,91.06500244140625,91.06500244140625,3075.0
2022-01-31 13:44:00-05:00,91.06500244140625,91.06500244140625,91.05000305175781,91.05000305175781,91.05000305175781,3632.0
2022-01-31 13:45:00-05:00,91.05000305175781,91.05500030517578,91.02999877929688,91.03500366210938,91.03500366210938,8561.0
2022-01-31 13:46:00-05:00,91.04000091552734,91.05999755859375,91.04000091552734,91.05500030517578,91.05500030517578,7760.0
2022-01-31 13:47:00-05:00,91.05999755859375,91.08000183105469,91.05999755859375,91.06999969482422,91.06999969482422,11402.0
2022-01-31 13:48:00-05:00,91.06999969482422,91.08000183105469,91.05999755859375,91.07499694824219,91.07499694824219,10198.0
2022-01-31 13:49:00-05:00,91.07499694824219,91.12000274658203,91.07499694824219,91.1050033569336,91.1050033569336,11407.0
2022-01-31 13:50:00-05:00,91.11000061035156,91.11499786376953,91.0999984741211,91.11000061035156,91.11000061035156,5918.0
2022-01-31 13:51:00-05:00,91.12000274658203,91.12000274658203,91.11000061035156,91.11499786376953,91.11499786376953,4117.0
2022-01-31 13:52:00-05:00,91.11000061035156,91.11499786376953,91.11000061035156,91.11499786376953,91.11499786376953,782.0
2022-01-31 13:53:00-05:00,91.11000061035156,91.11499786376953,91.0999984741211,91.11000061035156,91.11000061035156,6227.0
2022-01-31 13:54:00-05:00,91.11499786376953,91.13999938964844,91.11499786376953,91.13999938964844,91.13999938964844,0.0
2022-01-31 13:55:00-05:00,91.1500015258789,91.17500305175781,91.1449966430664,91.17500305175781,91.17500305175781,9527.0
2022-01-31 13:56:00-05:00,91.17500305175781,91.17500305175781,91.1500015258789,91.15750122070312,91.15750122070312,6263.0
2022-01-31 13:57:00-05:00,91.16000366210938,91.16999816894531,91.15750122070312,91.16999816894531,91.16999816894531,4056.0
2022-01-31 13:58:00-05:00,91.16000366210938,91.18000030517578,91.15750122070312,91.18000030517578,91.18000030517578,9462.0
2022-01-31 13:59:00-05:00,91.18499755859375,91.19000244140625,91.18000030517578,91.19000244140625,91.19000244140625,3978.0
2022-01-31 14:00:00-05:00,91.19000244140625,91.19999694824219,91.19000244140625,91.19999694824219,91.19999694824219,12114.0
2022-01-31 14:02:00-05:00,91.16500091552734,91.16500091552734,91.16500091552734,91.16500091552734,91.16500091552734,1750.0
2022-01-31 14:03:00-05:00,91.16999816894531,91.18499755859375,91.16000366210938,91.16500091552734,91.16500091552734,10748.0
2022-01-31 14:05:00-05:00,91.19000244140625,91.20999908447266,91.19000244140625,91.20099639892578,91.20099639892578,2538.0
2022-01-31 14:06:00-05:00,91.19999694824219,91.20500183105469,91.19999694824219,91.20500183105469,91.20500183105469,5782.0
2022-01-31 14:08:00-05:00,91.20500183105469,91.20500183105469,91.19999694824219,91.19999694824219,91.19999694824219,3459.0
2022-01-31 14:09:15-05:00,91.19499969482422,91.19499969482422,91.19499969482422,91.19499969482422,91.19499969482422,0.0
